,principal component 1,principal component 2,principal component 3,principal component 1_2,principal component 2_2,principal component 3_2,Y1,Y2
0,-0.13440039017473407,0.012658303601818487,7.855331281363594e-07,0.0006691262961843992,-0.12021818620415227,-0.06955157805404563,0,1
1,0.09512160956971825,0.09356357653771546,-0.07782235616049235,-0.002556707138823496,-0.12323822361562105,0.0954165909367698,1,0
2,-0.001274002404600526,0.01401392645921713,0.023966466048920138,0.0006712291681345881,-0.12901401829067793,-0.005741113736614818,1,0
3,0.19651583855535396,0.09468996238817902,0.013157151805893665,-0.0004850113292810644,-0.13453855887999222,0.15694466803408097,1,1
4,0.004331756522880754,-0.003916584478332097,-0.012006372053679625,-0.7071337814675128,0.5842656102731333,0.03957119385168412,0,1
5,-0.09850831320789384,0.020472669656247607,-0.023780479730083705,0.0007293994500788287,-0.12019928914173861,-0.1008111000890763,0,1
6,0.17356487091939338,0.13531148410359709,-0.013179120490956063,-0.001456493299660379,-0.13044561505348018,0.13982255405893712,1,1
7,0.09489894776463932,-0.014632926082256217,-0.02760457327865023,-0.0018066018844120474,-0.12496706311829231,0.07821317291082054,1,0
8,-0.13861696966773995,0.014712974153398235,-0.054627855598530374,0.0003341591088349191,-0.11929651331583553,-0.1161110010476856,1,1
9,-0.06577166737033675,-0.004657780642842911,0.017411333922474237,0.0008287804966549205,-0.12293576321191305,-0.03569204728091122,1,0
10,-0.10271283311867932,0.06978726399863146,-0.19507044498873896,-0.00371030394283689,-0.12769528165982702,-0.0914837167146586,1,1
11,-0.013036808713043455,-0.09125431047303934,-0.05178434659380303,0.0008515791696271842,-0.11980565351342101,-0.08223232830063887,0,1
12,0.20237495443821493,0.29583248303721515,-0.0754825660304646,-0.002150799972490333,-0.13628182843325423,0.26637891767423627,0,1
13,-0.11220153255872084,0.0380072698493362,0.014345472221725957,-0.0009198032910869332,-0.12115096807660697,0.011618277846894565,1,1
14,-0.2559925443645361,0.0015484572783472492,0.04441054520737364,0.0021460999586906007,-0.11959152181574345,-0.19482657527651945,1,1
15,-0.08179934456315635,-0.10400719659009482,0.014698736846444736,0.7093173447711033,0.5849122813287787,-0.12006704474980551,0,1
16,0.0632886829911022,-0.010188545826285615,0.021589834487214365,-0.0008703700592039761,-0.12486522692268352,0.08489660143012433,1,1
17,-0.24291683034960512,-0.01771976835788764,0.0310088156833962,0.0019434471524305173,-0.11848549968084965,-0.1936163833705014,1,1
18,0.08011778236329797,-0.04043083280205643,0.0323825774814732,-0.7060942683002295,0.5818183393915282,0.057525491881033425,0,1
19,-0.01238119436217609,0.029052543126592893,-0.05047877450629925,-0.0010323308324638623,-0.12265839002335276,0.0024248714188542836,1,0
20,-0.17547007179297,-0.048046441089704454,0.05746558754290383,0.0015307746846435375,-0.11988371567523029,-0.14133027385975808,0,1
21,0.18300916169725984,-0.12853293543232597,-0.08447323315815049,-0.0028008981774931218,-0.12388553500267319,0.08579196869455465,0,1
22,-0.04383065491906121,0.13800332233946827,-0.10287793774516044,-0.000529080398507526,-0.12844882480308573,-0.033868451759063785,1,1
23,-0.015123140817912653,0.06020733516306561,-0.018381470767375025,0.00022892328609399565,-0.12649952079403576,-0.015876938810116963,0,1
24,-0.06998260729964813,0.04134866271843191,-0.1147732902836557,-0.0016556411105787387,-0.12229165647989465,-0.04179114591871276,1,1
25,0.11233915812192562,0.07247499144658612,-0.030525088057226563,0.0004748050300713018,-0.12664587207433442,0.04505968172715175,1,1
26,-0.2619296013791617,0.011554372328714953,0.003148575512588277,0.00017714157051625605,-0.11771158158187926,-0.13038900379126805,0,1
27,-0.01472285187861654,0.05912810866803635,0.03688825213179332,-0.7065620545146446,0.5813244752274276,0.06326715292249284,1,1
28,0.04795727129076157,0.09738474971756166,-0.0007823781158414275,-0.00039972562213567124,-0.12884149202461012,0.0761851311657684,1,1
29,-0.026585075534045516,0.027420690276693947,0.00023195283377320483,0.0008154014409894096,-0.12281480356825297,-0.05229130531258007,1,0
30,-0.2086624754043784,0.0072520678022883825,0.031257723929524264,0.0009920274069832244,-0.12041625567518165,-0.1311408198787665,0,1
31,0.26233832036878424,-0.06279094389048782,0.010078538059979396,0.0003198894123376172,-0.12859564779710764,0.10412654657331163,1,1
32,-0.2784451271618327,0.00467203391074221,0.0008579045391116117,0.0012880755653037,-0.11929736518160879,-0.16983658163755466,0,1
33,0.0866809397724163,-0.009574922991117995,-0.04209811949246578,-0.0011152146674996914,-0.12351043792569397,0.0436883485947903,0,0
34,0.09809042078073082,-0.023340827382151458,-0.0051124314470198055,0.00018815373172906833,-0.12467710811071023,0.034241438666222625,0,1
35,-0.1862388347226927,0.02063032232863543,-0.02157619985117711,0.0005267415604769831,-0.11996953054419625,-0.09488868911324,0,1
36,-0.21511370327851334,-0.0016633271868676583,0.027432558469676006,0.0010933925559975975,-0.12024260978868533,-0.1430794855810775,0,1
37,-0.03367288874278847,-0.0825426464704922,-0.025807452241536084,0.0012343210365076817,-0.12071722213419127,-0.07987792498005163,0,1
38,0.08222107690541916,0.07245240709205109,-0.005848831678718341,0.00033333311939273637,-0.12571269478008265,0.02503699450422634,0,1
39,-0.39384713589140297,-0.04033612228428749,0.10666445447268874,0.0027285869476060126,-0.1177200156851143,-0.2622064079454758,0,1
40,-0.020132884207359692,-0.060683962149537876,-0.0282420975209985,0.707689942050652,0.5859378298761763,-0.02409905248542998,1,1
41,0.35988461125782145,0.09193454247403776,0.03095633580623949,-0.0020015396243726422,-0.13460522184724671,0.33505142152720896,0,1
42,-0.1301389137255046,0.018520474056690227,0.004950484502259477,-0.00011175649114831804,-0.12143158691659561,-0.04388174735697712,1,1
43,-0.001014132766575885,0.03763539820120707,-0.05892291634524197,-0.0011057602508056912,-0.12094614961153329,0.0022637768391873324,1,0
44,0.11165014699448655,-0.07665833903311431,-0.05947924575244846,-0.0016266329261672196,-0.12396702685826717,0.027730153722184896,1,1
45,-0.2958290161556803,-0.023076278064561608,0.046405853511107084,0.0019132376631025762,-0.11882258872573548,-0.20405752523689533,0,1
46,-0.19987737997722343,-0.06657181579939624,-0.004794131623446443,0.0006337602977954754,-0.11901385879042245,-0.1517818324882544,1,1
47,0.47221316026963905,0.38059123801948874,0.05531144321552754,-0.004133175686390463,-0.14473077436034604,0.5501731931929379,1,0
48,-0.08906287605150263,-0.01173193240861564,-0.04616038253361763,0.0005582182589933732,-0.12112725521534046,-0.09471823719663212,0,1
49,0.2687946487247173,0.011084787053085578,-0.09907533754083754,-0.0011273548478647993,-0.1307942366764792,0.11572632594304334,1,1
50,-0.05530741528565399,-0.004515129127878226,-0.11889005980794438,-0.0010150350326068962,-0.12424826887966853,-0.10662328817598501,1,0
51,0.07514999220155275,-0.045305411596344436,0.0585480468065579,0.0010446995098797958,-0.12680019866299064,0.040234378098838265,0,1
52,0.03744529794750885,0.09737197403578497,-0.02358843722573466,-0.00019978002022877852,-0.12716493154485206,0.03334500284270265,1,0
53,-0.3346718839252886,-0.0020765432088438182,0.04100565792520348,0.001474840834734177,-0.11757584730870532,-0.19507630927020642,0,1
54,-0.07089222466375791,-0.06605513267181554,-0.04635908956598807,-0.0005063601642929851,-0.12245751468071332,-0.09815898392008868,1,0
55,-0.025699536237365168,0.013597390676769568,0.05916056613902576,0.0020881695718920766,-0.12400564838542104,-0.0317039638988333,0,0
56,0.38808845139798226,0.13436766337986847,0.009821957073524071,-0.0011504115412779722,-0.14294608834952183,0.27777629475505045,1,0
57,-0.15415164896783887,0.057428131240332074,-0.012061910604796033,0.0010436450851801402,-0.12079807789250388,-0.10880574744731226,0,1
58,-0.29608838765412454,0.004910819508333359,0.03887822419123687,-0.7056626572081621,0.5879291837434866,-0.1300488917523712,1,0
59,-0.16235389750092497,0.026237290211451214,-0.0275687665114398,0.0011748458973112965,-0.12021603938053309,-0.13790581218905587,0,1
60,0.3881834644988494,0.0544992412085441,0.0482670499123591,-0.0025640775917681155,-0.13679176911101465,0.32385492605491506,1,1
61,-0.2870010101527194,-0.008701498369002508,0.05769515668582264,0.0014844558295407713,-0.11911917554085999,-0.17689576807255952,1,1
62,-0.15112473911748886,-0.1270820158329333,-0.09666970810150276,-0.7079546143996943,0.5856020975041534,-0.16602327029686542,1,0
63,-0.009692566944841373,0.15357296445809235,-0.013088478066878035,-0.0011156497359359038,-0.12630907690203746,0.11577895120376734,0,1
64,-0.05782167483010317,0.0006492799092397627,0.026980686405650017,0.7083126039256534,0.579040902276284,0.060433917436603854,0,1
65,-0.07160338341098413,-0.05059765999545298,-0.0286666110745706,0.00010378665256262396,-0.12067690951768836,-0.11030473776010773,0,1
66,-0.11038786352657953,0.015496533903624408,-0.057158429961174505,0.7067056553660939,0.585052993257367,-0.029510254211655592,0,1
67,-0.24110195905260998,-0.029428478158984913,0.0012673837549818428,0.0011901408883393254,-0.11785185680929844,-0.1651031314710137,0,1
68,0.1503988490084233,-0.01093145924979943,0.047144740608713744,-0.0003442542738998459,-0.12792629512031772,0.11558644541300585,1,1
69,0.04670963699116618,-0.06635050886369478,0.01933884573003314,0.0013198748457806343,-0.12482894902327743,-0.015341665749973865,0,1
70,0.050414114285619344,0.02874445349416886,-0.09309886590309718,-0.0015290506085162813,-0.12185603204957583,-0.008096140999840117,0,1
71,0.5351586414031975,-0.1917522111287466,-0.08166136672930241,-0.0016503294169492523,-0.13355385643917178,0.19120310824544054,0,1
72,-0.28581258510617064,-0.0384184358563328,0.03272541143041023,0.708582008672933,0.5881888213782823,-0.14949995338862004,1,0
73,0.01576851102856457,-0.019855726960330493,-0.04590376883635014,-0.00034139356859650864,-0.11943537877154874,-0.006722872665504924,1,0
74,-0.044337751850849955,-0.05837395723576591,0.03421185242339677,0.7077726199073111,0.583111113397771,-0.0059906885542187925,0,0
75,-0.16433128543982883,0.007478864298518394,-0.03822841944603306,0.001883195801962001,-0.11930040128952456,-0.18167908384423978,0,1
76,-0.19206663450060552,0.00717175124751493,-0.007711734419053877,0.00046904196894700766,-0.12003532765723844,-0.10994024689441394,1,1
77,0.2314412930419455,-0.04435733089616431,-0.008952651787179054,-0.0019059322254213723,-0.1273321872017086,0.11281211060872533,1,0
78,0.11884239339849023,0.01110706436018364,-0.02507521142943768,-0.0006976174918752472,-0.1283338557717061,0.06217110856125265,0,1
79,-0.14111488749474677,-0.03973991273641454,-0.03770542053796213,0.001218228683294393,-0.11949124824791489,-0.15793254125580328,1,1
80,-0.3015584871741491,0.038542427933120835,0.09385945031310941,0.0011120741240803367,-0.12110961067772738,-0.10897338810117801,0,1
81,0.8739687249089755,-0.45081181617418575,0.09409751800592002,-0.0003100133655291166,-0.13220428612068186,0.340906147177746,0,1
82,-0.23166763072719762,0.020822804169074415,0.016286787488133586,0.0006015429590038143,-0.1189230157995977,-0.1174761683712263,1,1
83,0.005343788744497557,0.03256206615241397,-0.047255825616048935,-7.926014376445632e-05,-0.12287802295518895,-0.03670664598797028,0,1
84,0.8025100750159656,0.1138920836570572,-0.030444412487862196,-0.004148395823677749,-0.14096438890336935,0.4506136012745355,1,1
85,0.0781010807739448,0.03741151326579266,-0.047793653778115425,-0.001670687818632335,-0.12610528326754827,0.07988766996479182,1,1
86,0.16874904186449394,-0.007995154141445731,0.07445492869162179,0.00017116377129087988,-0.12906071122818452,0.14511413237205106,0,1
87,0.23796946216535336,-0.021332828233636688,0.08838491264987253,-0.00021527623911970237,-0.12966429491240275,0.18340937370430296,1,0
88,0.24434184757494384,0.04098671231026671,-0.038526037351961404,-0.0033158649191603346,-0.12647120589729724,0.1891330362604032,1,1
89,-0.22771642471635095,-0.03377049201459188,0.01338828878754813,0.0004429059817296718,-0.11723863198530979,-0.13213954067405326,1,1
90,0.01471603594062037,-0.01701354971703972,-0.012996890586972318,0.706899909757799,0.5800622089220986,0.057745801878209845,0,1
91,0.18210288279812353,0.0746564919610091,-0.049012674212051716,-0.0014217974974222278,-0.12368522402684409,0.09981179776584985,1,0
92,-0.1406883776168902,0.047460773559250755,-0.16589747218819942,-0.0005340224138501264,-0.12251958091245452,-0.1752054415166472,0,0
93,0.8743017353816912,-0.09435979223936435,0.1578172280348255,0.0004735226264303936,-0.14835242852759561,0.500963175093653,0,1
94,1.0644405346148926,0.3589828331702027,0.3053757492767177,0.00017499537919352277,-0.17196396398822172,0.8150832938504634,0,1
95,0.36432732584101785,-0.30265588441323504,0.025617226260675682,-0.0008245837378586312,-0.1249855766821856,0.16185396470223007,0,0
96,0.04145339003032752,-0.007220729489885439,-0.07363319207599946,-0.7071040989658351,0.5857337274460952,0.018096650094657243,0,1
97,0.1711151412756142,-0.005160994071599312,0.012588667595840243,-0.0010472357287833389,-0.12663114357209232,0.13267003485565412,1,0
98,-0.14856851664538634,0.024634744769943283,0.029442230602495106,0.0010499441190433838,-0.12216103179453819,-0.07448682904401975,0,1
99,-0.05750264284736305,-0.17759197507486424,-0.06489164690339737,0.0012349626803066826,-0.11852049999675465,-0.198856779723863,0,1
100,-0.12479592655634492,-0.052913595082893436,-0.03398745142650762,0.0006290763494639444,-0.11998500970513393,-0.1277139791249882,1,1
101,0.04303985962426568,0.02365010541217132,-0.14394696785853414,-0.0015486832932345381,-0.12315185557318126,-0.01895912017815102,0,1
102,0.02333818417056549,0.0027027267362814194,0.046270676850612,-0.7063904847678978,0.5807638099713043,0.0772037509795458,0,0
103,-0.04407483726436129,0.018274243895809592,-0.040293241843083985,-0.0009753465661401043,-0.12184411401942646,-0.001446297769024305,0,1
104,0.3656790174103075,0.11255877440852755,0.07663243446010225,-0.0012304391685567981,-0.1335913547815302,0.28348598876990455,0,0
105,0.035874871611890166,0.03629936148302296,-0.0591278056681355,-0.0009156329291409104,-0.12368291719303387,0.008389459384227681,1,1
106,0.06264320559204427,0.09176694885429677,-0.020703319880781296,-0.001078083759592929,-0.12563729333874438,0.07254501286137288,1,0
107,0.11840644995926558,0.07034742725703878,0.02982827692714363,-0.7095246970804985,0.5790354129840272,0.22785853071455275,1,0
108,0.011304401177149653,-0.08735938347637788,-0.00845011251497356,-0.0011738787266863098,-0.12078770830867093,-0.012653866540152154,0,0
109,-0.38916689138688015,-0.02450351856306261,0.05691998967973894,0.0032006671651969875,-0.11708701085529703,-0.30671668886313225,1,1
110,-0.35014656317251264,-0.033601818068468,0.05889201577936508,-0.7041142418817663,0.5888238606516483,-0.23350692204920567,0,1
111,0.6951382146079328,-0.007492671021912247,0.10541397065025546,-0.0019974098564526626,-0.14374239619768783,0.44203388360787604,1,1
112,-0.25142580788041174,0.03503207498932577,0.063023801742846,-0.00031444209322101983,-0.12082093073643801,-0.045485670402940076,1,0
113,0.22460599798091996,0.07045886441980544,-0.030505832311684085,-0.002038631702502987,-0.1294183850171317,0.16542250305252373,1,1
114,0.19745757247490697,-0.006795319762625251,0.06692065671067307,-0.7072191015569127,0.5756135386356962,0.2124927404501964,0,1
115,0.15418413943177375,0.15978669742437127,-0.03199716846042604,0.7061186781746944,0.5733419314576017,0.15485063733620347,1,1
116,-0.14652266433738786,0.015190291439907962,0.07477874362815959,0.0012087227154255976,-0.12365776507019972,-0.06455601665619137,0,0
117,-0.06409491411708183,0.022436202801862648,-0.018213570610769107,-0.0005541036723668658,-0.12179838182553734,0.020870389428299996,0,1
118,-0.20667773068750603,-0.04613003430312443,-0.023436968857493086,0.00018323917784593728,-0.12194367260450424,-0.1589945765702808,0,1
119,0.09960637996937302,-0.009039145067800269,0.07500881632278898,0.7078245620934032,0.5768041576579884,0.12407804327604982,0,1
120,0.10029082541987115,-0.055527366012183305,-0.05791489887411658,-0.0007655971931288007,-0.12094197159580755,0.021855822053773736,0,1
121,0.07783993138024747,-0.01996145114535722,-0.030965796546515784,0.7060293847754104,0.5832743145809933,0.10665646527393663,1,0
122,0.1638803809818294,-0.0024631345173636754,0.09376760266488028,0.0005267841980835256,-0.12927832906795744,0.0946383618640234,1,0
123,-0.04780309140159531,-0.051331006656660495,0.05107565593475209,0.0003373648997673836,-0.12259714721991971,-0.028173781755664446,1,1
124,-0.32895681487048367,-0.010551128578588065,0.03491057792496343,-0.7047506813782408,0.5887375383856339,-0.19828322985233826,0,0
125,-0.036222844930164894,0.03408021777497134,-0.044503217966669874,-0.0008534347268080253,-0.12307143152307044,0.017296762665463112,0,1
126,-0.011966527150168287,-0.005110404534220635,-0.011102852663150893,0.7075279823159976,0.5825511203978339,0.01713108288534589,1,1
127,0.10072831069990057,0.0635031326455811,-0.0022731088316912643,-0.7091421789538874,0.580902224505542,0.1633574286868571,1,1
128,0.33371634985201853,0.08407514704514703,-0.023338581432835386,-0.0019304640916643025,-0.13095762385870816,0.20614260352197591,1,1
129,-0.1533313328563484,-0.06683668112126256,-0.03713416990373193,-0.0005310693762351839,-0.12392725402754143,-0.1502914133489419,1,1
130,-0.27788498467534783,-0.0003208616179669947,0.028824527315324235,0.001803450348212958,-0.11892306875462806,-0.1855671691345879,0,1
131,-0.072191815135955,0.022804855335846655,0.02906020300855073,0.00010410588068945828,-0.12635694546582052,-0.00553032881705376,0,1
132,0.14220900810383705,0.0027735515198250788,-0.09219196366638158,-0.001752937790758432,-0.12374941558115748,0.06689077817523441,0,1
133,0.09492865056932935,-0.024322484266388562,-0.03561650684339727,-0.001251426108355828,-0.12270985748099232,0.07194335051398325,0,0
134,-0.17040983163306153,-0.059664080219208854,-0.04147986593317312,-0.00019946655206448365,-0.11884331832333739,-0.10710250184258553,0,1
135,-0.15211452438219805,-0.12242268896084332,-0.04012327353742477,0.0002365982169294244,-0.11813669090964633,-0.1587973317567034,1,1
136,0.3281749833497707,-0.009503739173975656,0.020292972980258315,-0.0009240593430208782,-0.12712187185084742,0.16846814973898186,0,0
137,-0.025339152573073002,-0.014881499999657676,-0.06217751041607794,0.0011891824260806111,-0.12102780805353398,-0.08950386526816033,0,0
138,-0.22483659499947498,-0.009831581343647647,0.007433215700307122,0.7086255228072379,0.5868650835257753,-0.12638405504955444,0,1
139,0.2314753662958299,0.007259443874600333,-0.20438514551159645,-0.0038362725115173254,-0.12578405356554917,0.06252288059501912,1,1
140,0.04134002077670507,-0.01167831438798527,-0.058242608148735685,-0.0018513467143382054,-0.12137210412704576,0.030507027349176454,1,0
141,-0.011607916813204925,-0.023232153270879588,0.03552611148477026,0.00016123718212602656,-0.12427199131916694,0.022548689322908308,0,0
142,0.17126610879384854,-0.015747624744561994,-0.10475237373372998,0.7044557842805058,0.5864724836125285,0.14317344902108137,1,1
143,-0.1488085857281084,-0.010907440297784322,0.012027256253796623,0.0007071418963754065,-0.12072293076060932,-0.08143760751710628,0,0
144,0.09859822525699881,-0.07442913534505181,-0.06646594733242786,-0.7070340000145007,0.5860293244483032,0.029859573663015292,1,0
145,0.1216109168392643,0.08251184940877805,-0.20736324630597464,-0.002412244944948688,-0.1258943956447885,0.03634575707752009,1,0
146,0.5275535805451668,0.08674496804183314,0.1123296774935234,-0.0018168046909610774,-0.14486711306600725,0.44292079391673694,0,0
147,0.09428740714556932,0.11664143559803103,0.025321432249715888,-0.00020014551842725486,-0.12845046825221879,0.11217309631021137,0,1
148,0.0703588868087585,0.07720154507491718,0.0021946002081294287,-0.0002433889998866303,-0.1258046127761964,0.07145866743615109,1,1
149,-0.10995447873296285,-0.02441400126345057,-0.014822123063039597,0.001110587059736149,-0.12225448885471918,-0.1067992255955264,0,1
150,0.5069755613647523,-0.25415816478160014,0.1073222886342175,0.0006929669455777259,-0.1290652119565687,0.16655309310754743,0,0
151,0.26324986295119235,-0.13941210070576907,-0.022055989475586485,0.0004577997446914408,-0.12449006990786181,0.05293238930129096,0,1
152,0.2642557677282883,0.027229140822627465,0.06647635395024806,-0.0006506954472828993,-0.13218877668497941,0.21742302486603748,1,1
153,-0.02094703752627971,0.12709111002495202,0.061543412835217234,-4.382288558134351e-05,-0.12688814928626596,0.06789282825383028,0,1
154,-0.266678884745851,-0.02021467907377959,0.022443611862471315,0.7085683604587955,0.5877885266541728,-0.14557106249989607,1,1
155,0.3775712570071477,-0.060803301271260865,0.03256252922269197,0.000630004982264117,-0.13141564674179868,0.1821631487361378,0,1
156,-0.12426007351836851,0.009755543959535293,-0.04750063604158289,-0.0004882538240282206,-0.1258898360980186,-0.0908354576921649,0,1
157,-0.28928483758612816,-0.01015709595971771,0.03868454509758393,0.0003628250029606843,-0.1186481921123635,-0.13098296495066017,0,1
158,0.09464057758914186,0.024787380752691775,-0.03197612263786927,-0.000723594160076773,-0.12529613654508576,0.04440464571252424,0,1
159,0.8844226247648646,0.15183622971094993,-0.0809777269340643,-0.0017957409227277027,-0.14668593416116216,0.4102648478538638,1,1
160,-0.19969940451738644,-0.018870397883921978,0.025073781592593106,0.001833063554728933,-0.11964973779279021,-0.17250660383101935,1,0
161,0.016232304754251383,0.08381022820801289,0.039337640229078104,-0.0008147902768346477,-0.12553462003648685,0.05045902989060795,1,0
162,-0.2081112534820722,-0.005279438219389114,-0.0228944391099584,0.0010961686915331623,-0.11881869500786302,-0.1577343325860525,0,1
163,-0.020446110693913423,-0.026615807335894574,0.04389003006823984,0.708498259533168,0.582048970028843,0.004164107155053386,0,1
164,0.030639441808691697,-0.01281918176393435,-0.016417011149308297,-0.0009653734683225579,-0.123868982632506,0.030146014051230068,0,0
165,0.3685915488940103,-0.016820680506277955,-0.04438095097121702,-0.0024816565122260338,-0.1287254120357061,0.07087846037980096,1,1
166,-0.36697145799851144,-0.0109962938378603,0.069915920387681,0.002684441863542281,-0.11819875245089514,-0.2562475681638274,1,1
167,-0.17009923752722422,0.02979073187144386,-0.019431016186314626,4.0725987480298785e-05,-0.11936547772226484,-0.07643645954382074,0,1
168,-0.11048381721029106,0.0030794121820441377,-0.030181546169249743,0.0004277560167050084,-0.12123973834088805,-0.07184288129189849,0,1
169,-0.19455122797476343,-0.049145905738935895,0.022594883100608264,0.0019801975492007803,-0.1190951924954429,-0.187901956611983,0,1
170,-0.28039984136457635,-0.008008535251832614,0.02903354416112222,0.7091331281581501,0.5870889974646807,-0.16537858452325774,0,1
171,0.1272170527441015,0.038554424959230525,-0.1045209053581459,-0.0024193547946569157,-0.12096098705396602,0.05026624720905303,0,1
172,0.07364034455146189,0.07257186033290158,-0.11777893788423366,-0.00040905343196956145,-0.1230916446454264,-0.008713196732832322,0,0
173,-0.17920186549206968,0.044096962182741166,-0.029862691225236795,0.0008535381691526683,-0.119739174058167,-0.12491885172630193,0,1
174,0.5162305430710851,0.36626874370778867,-0.04078599253883525,-0.001760917759315307,-0.13437134141523424,0.4039797031076187,1,0
175,0.056836052671217455,-0.1956497266921117,0.05248088330768889,0.0023470017414243816,-0.12011480326918626,-0.052983004251206736,0,1
176,-0.30940420888496745,-0.010268002977045571,0.050801287456983625,0.0009028497174025964,-0.11824047158685218,-0.1482347749301978,0,1
177,-0.1250241868377424,0.06921156301457482,0.06749108435395665,0.7080875292279397,0.5813480739802708,0.038857314533723604,1,0
178,-0.27636819987214534,-0.04584255724537336,0.031292321525229365,0.0023353232580610615,-0.11813038752590407,-0.24329087367142554,1,0
179,-0.2740981413871977,-0.015198460881264786,0.06147846057238107,0.00162979363591097,-0.11923691135005016,-0.16797261133880173,0,1
180,0.21202014182113546,0.009013803245196964,-0.07500216701686918,-0.0020319980111837116,-0.12729464348367847,0.09634013368975437,1,1
181,0.18017667586380695,-0.0054166719258070305,0.03373673555040961,-0.0032550911735020763,-0.1312546530750736,0.20662356547740882,1,0
182,-0.12730166253016048,-0.03889169252626976,0.022920389106073014,0.0008603371650200696,-0.12166970288635455,-0.09681554916638985,0,0
183,0.17673782529250073,-0.05987429960171483,0.05473233090455127,0.707118100295781,0.577515446973272,0.1903538753602495,0,1
184,-0.09283846428731829,0.08399866710733522,-0.12104332425559526,-0.0008725852653621323,-0.12673566217050575,-0.07685196875300256,1,1
185,0.7185635420930997,0.012886454814544136,0.10891344648519549,-0.00045573333772782546,-0.13754513568199853,0.36429481114134776,1,0
186,-0.34751401707646673,-0.04741111424987333,0.10149693246238008,0.7097146145253984,0.5869611795699013,-0.19485515573506326,1,0
187,-0.3279207280360771,-0.0286573102550061,0.055716704594604045,0.0028375980882024256,-0.11868296501583428,-0.2654841721330374,0,1
188,0.045901940171629414,0.05554704492393592,-0.03366669987601756,0.00016021676102783127,-0.12575025196366493,0.017408359460490644,0,1
189,0.18220084039274742,-0.11852935027640629,0.025817084517030738,0.0022233169057848867,-0.1216313967003551,0.022655884972437944,0,1
190,-0.19618989309109836,-0.12144011508970978,-0.007259315142007874,0.0012978087727710413,-0.11835249365440581,-0.2081309724719955,1,0
191,0.12872039739713748,0.13579461543333665,0.0667215859455459,-0.0010255313247015323,-0.1302602975129985,0.19678475150627808,1,0
192,0.06905252595107438,0.06097309744339572,0.05701477941677994,0.0010093541398480332,-0.12813885718193044,0.04346184101899142,1,0
193,0.06363138232023444,-0.037067652922140974,-0.03423592883538256,-0.7054725360608468,0.5848139676905809,-0.05721558495819476,0,1
194,-0.05549808039665116,0.028876401707243392,-0.00974280027572299,0.0004204952090914158,-0.12161288693033982,-0.02733792792500163,1,1
195,0.0033491494171132142,0.018420291104256702,-0.03916987043383693,0.70616014706245,0.5819285263148796,0.06986361722491286,1,0
196,-0.3234342185149727,-0.017105870947489228,0.0559996773343571,0.0018268952633123477,-0.11801157554540816,-0.20534230165227155,1,1
197,-0.1596992892399135,-0.015401809407600024,0.03548637489916919,0.001191819383194823,-0.12090321367801246,-0.10994258118922713,1,1
198,0.06928029354820933,0.017071306418154967,0.03190472256090362,0.0005440489324063252,-0.12613083306882739,0.04371564094566481,0,0
199,0.05711255174789037,0.09088729264144386,-0.011486417002793946,-0.00017743745370167946,-0.12659565505665327,0.04347382386612988,0,1
200,-0.2343742888874618,0.009160021885306634,0.015893472524131848,0.0017632964256528725,-0.11952005557783331,-0.1740421491099003,0,1
201,0.07873339983997187,-0.004029357986517123,-0.0612382489760315,-0.0011701868852430574,-0.12353909505210006,0.017212524820416797,1,1
202,-0.07619066354768601,0.02378359618486923,-0.06445044900923973,-0.00014299611668769894,-0.12065762265322084,-0.07258323640074155,1,1
203,0.2489540730603496,0.037201266481435055,-0.01493935614483551,-0.0010491494220653493,-0.12644264732556895,0.13876743404506073,1,0
204,0.4612662916418524,0.2438755209594219,0.18234773028847887,0.0008541012378827579,-0.14653938295065913,0.3916042236504769,1,1
205,-0.2509876107680314,-0.003488061596811419,-0.008773788353305416,0.0008946970430353657,-0.11770495866894869,-0.1689438344425064,1,1
206,-0.07232155425361024,-0.0031861427122803917,-0.021908059788909518,-0.0001555669099917474,-0.1211094795964014,-0.05158284158391973,1,1
207,-0.09392313429630832,0.024503751492777805,0.03968769669801877,0.0007781335556263083,-0.12317795869868292,-0.03655473482967265,1,1
208,0.16781176710477352,0.054085272758760995,-0.010472790674114087,-0.0005519661848046004,-0.12698056041250638,0.11340701738238296,0,1
209,-0.20561858822277396,-0.006851414439072564,-0.014417367903348414,0.0016400986879214362,-0.11850478759180093,-0.18034349268523153,0,1
210,0.031053409289461667,-0.11440375478219218,-0.1514915679810012,-0.003821166046726915,-0.12335708209356906,-0.04575511749626442,1,1
211,-0.14558456665075903,0.02681021661755756,-0.0037462483686261667,-0.0007216834457560089,-0.12125112101375617,-0.036541298908023184,1,1
212,0.6242295533682353,0.23623234897312445,0.18488132679619348,-0.0007714139906109729,-0.1464114972148667,0.5052831711571154,1,0
213,-0.024181632036458327,0.034356655019314106,-0.04599509612652592,-0.0009677688461234694,-0.12209566736674267,0.0058826197869556,1,1
214,0.03633077814584631,0.04049763878606243,-0.03577645313168863,0.7075791362133368,0.5806496508314084,0.05939752588223987,0,1
215,-0.23584503025695197,0.004057926648670622,0.03561542768377062,0.000722407450869727,-0.11972389701174527,-0.12412182816918263,1,0
216,-0.22624788782455343,-0.03383898285782411,0.016576022061067078,0.0021547174248337173,-0.12118171717371964,-0.19758760359209804,0,1
217,0.2714336161225382,-0.022743450574140053,0.013490088260162535,-0.00017313743228712197,-0.12836459105100925,0.14691295069463786,0,1
218,-0.07310771270288213,0.020532985799238384,-0.04646834744000711,0.7064168168133075,0.5860561493146378,-0.007395112758539168,1,0
219,-0.5385508504772893,-0.08514204197587419,0.21856629493604807,0.006372096832869941,-0.11796833844280576,-0.46885193433636424,0,1
220,-0.09165465922475172,0.012406678034977905,0.029303067755680305,0.7073395833716049,0.5823602501083508,0.042330708552264486,0,0
221,0.18221056107173464,0.09656605416481337,0.0404854642172632,-0.0023440079549607888,-0.1308763015136129,0.2066976469654348,1,0
222,-0.2580791098457918,0.00846797903869952,0.004072487833618379,0.001389358718493275,-0.1188172223923725,-0.17801859022867922,0,1
223,0.09767459651043246,0.050470681522882574,-0.043801480264968135,-0.001259553338980737,-0.12582018955073782,0.09786978672677157,0,1
224,-0.18503801163490552,0.0009205640427398853,0.004715789634798097,0.0016481868604148165,-0.12008621444943834,-0.15362394796620787,0,1
225,-0.22422340518715142,0.006388184913054061,0.012552868386257894,0.0009653238149077931,-0.11848938620010853,-0.14107025151413388,1,1
226,0.13270752134745914,0.14704925543733652,0.01193054605811837,-0.0008666549026980702,-0.12946638104559358,0.15961536528439862,0,1
227,-0.035158061819335985,0.0021322279904835025,0.017305854868450116,-0.0002959630281105767,-0.12173536586774701,0.002313720937872796,1,1
228,0.22012634754605478,-0.01588110958851613,0.053550357847978874,-0.0005183500321561756,-0.1288192051355709,0.16773891031598567,1,1
229,0.02320317951517565,-0.018403629299809446,-0.06625694413951157,-0.0007672143196515502,-0.12362810042579145,-0.014216803105888407,0,0
230,-0.14986620299383624,-0.010407772597730437,-0.032726949524957485,0.0006909463615082051,-0.12125342010455818,-0.11255786919380763,0,1
231,-0.05585637317320663,0.061842299812373096,-0.013232209185411146,0.000182274280966658,-0.12265127514439161,-0.01833191951617098,0,1
232,-0.12600573842992344,-0.03267074033556914,0.02458695470786947,-0.706368109881609,0.5868485954747198,-0.038827049707802645,1,0
233,-0.32198167691794394,0.0048542538713504625,0.051192569587135146,0.001024512358280238,-0.11836992029005403,-0.16486407254720242,1,1
234,-0.1936180034180982,0.03692921247109684,-0.0027061652302029318,0.0002635235130550986,-0.12037760657394411,-0.08345980182046953,0,1
235,0.05465908316179932,-0.029172253576230253,-0.03568905412327802,0.0002483482932793821,-0.12185537284253863,-0.013896383564649402,1,0
236,-0.027672006404410848,-0.03018126343699421,0.001271315847449146,0.0003749731947068222,-0.12104949470932241,-0.08049392072075155,0,1
237,-0.18285538511698038,0.020920128738187355,0.0034400031531101314,0.001069106978745497,-0.12082888156972388,-0.10771264866314204,0,0
238,0.043254953860669666,-0.028781451621830142,0.022103683598102032,0.0002567969775506062,-0.12529403471532333,0.044886573112811044,0,1
239,-0.3692995168966909,-0.022327077677061394,0.07231009358356338,0.7104505778371675,0.5874201069178306,-0.25137604602175956,1,1
240,0.21264603970546359,-0.06057522100452546,0.007571890487944015,-0.7068985243532454,0.5793613291329865,0.08589781778126032,1,0
241,0.1071376359714484,0.10936999433944027,-0.0456032485143686,-0.002070372411861296,-0.1294264572894775,0.11230304970703624,0,1
242,-0.29287326707783434,-0.054989143471830725,0.05145367129949649,0.0017624110897526916,-0.11801350020263894,-0.2009244334571814,0,1
243,-0.078125139403781,0.004411591361866929,0.03333518682716261,0.7076299909747561,0.5823321316456542,0.006028534506286414,1,0
244,0.5803757295724759,0.09039908485603385,0.2611935834601408,0.0017576642591302376,-0.15021222586436536,0.4937651805227545,0,1
245,-0.13916251469730992,0.0710969240575427,-0.03129743637414021,0.0007019106290229002,-0.12296543411677988,-0.09521368311454635,1,0
246,-0.24143724610608347,-0.06507444974843318,0.08329328730594969,0.000980811410366774,-0.11915692434539403,-0.11666520024338142,1,1
247,-0.226302499282495,-0.00014391520699461662,0.021153989970047603,-0.7048871883539332,0.5877065870290097,-0.15478657096721601,1,0
248,0.07181847001982791,0.08004048168804356,-0.05828822838861716,-0.001443605189764216,-0.12463301584107518,0.07132347339803316,0,1
249,0.14479401734819686,0.09804272029047004,0.04953242652613035,-0.00014555797303086654,-0.1288115280036021,0.11804927724194525,1,1
250,-0.2876907835475876,-0.014980485568648727,0.036218159492692775,0.0013581589974290607,-0.11804867983258764,-0.1743880944700109,1,1
251,-0.11767208110747111,0.01996825337718751,-0.005248272206710592,0.7067214025885499,0.5840255413394563,0.0102280211096889,1,0
252,0.1991388803869776,-0.09576772490848336,-0.1030297218696008,-0.006756619174721791,-0.14314933344240363,0.12865595629262364,0,1
253,0.16666509147595013,0.1212236878104883,-0.03623610696260853,-0.002717210059860143,-0.13229492180436536,0.2112300145517491,1,0
254,0.019804640003324058,0.13387230325143296,-0.11282747307795966,-0.001622813740622766,-0.12322944468567246,0.03992803017010696,1,0
255,-0.19945708996626127,0.0039568707615595,0.0285458443183621,0.0002292717049630124,-0.11955148039330027,-0.08032723504680012,1,0
256,0.24747330562562547,-0.04637957551649283,0.05645166686071982,-0.001079346791369279,-0.12800444999688515,0.17112965055016616,1,0
257,-0.40979421014836664,-0.039685805396058885,0.09843608664157712,0.00388253852686039,-0.11754725416805215,-0.33229643712124735,1,0
258,-0.4735238111745724,-0.0577647827167485,0.1545938674927667,0.004644665945352404,-0.11773619363761655,-0.37609576911105047,0,1
259,-0.20564657502765957,0.018512143684454183,0.014137246456579895,-0.706551290770369,0.5874803426271115,-0.05664461901232582,0,0
260,0.42041589398606494,0.18501100095112738,0.07766968287726066,-0.002067366530074121,-0.13912572845441634,0.3759767390125736,1,1
261,0.609577868844081,-0.09772311767912234,0.10207063971283654,-0.0007762857824929914,-0.13521777114555233,0.2993521093769896,1,1
262,0.037026692012565726,-0.10561025949832996,-0.10615765097475671,-0.001793736752548889,-0.12292436079456255,-0.041632248371014056,1,1
263,-0.10244047807644914,-0.06642487680230703,-0.0756586076856386,-0.00013134432445051475,-0.12127144667054127,-0.12334026107001356,0,0
264,0.021142936492625976,-0.007729231775941733,-0.024458741929839684,-0.001905139076901999,-0.1206853826012524,0.06663729786438422,1,1
265,-0.020497293585739644,0.02683731083547467,0.06446532868688348,0.0010807992671668096,-0.12635397005169677,0.014368789797340032,1,1
266,0.20602485235600976,0.041976762492646,-0.02463955236724972,-0.0017473810613758934,-0.1302848511868539,0.18477120394852523,0,1
267,-0.47570228820233834,-0.06622399464662294,0.15686566067333754,0.002965703569033332,-0.11668677036632992,-0.29599750574833555,0,1
268,0.23455453935519177,-0.18149753669212393,0.023234244246993885,-0.7067598622344208,0.5835091043623143,0.09310741689208246,0,1
269,-0.08630837715673088,-0.014470629446314397,0.02197386432854293,-0.0004965035149667255,-0.1223087340106594,-0.0035599350123150216,0,1
270,0.1383886696599372,-0.06382049072812132,-0.15455731905930994,-0.002457804716951481,-0.12277705694622906,0.0051932147652025175,1,1
271,-0.05836968669236925,-0.006025925294445024,-0.030540361783840286,0.707195999503806,0.5843084813568432,-0.018231723982697238,0,0
272,-0.10057672832972528,-0.05493306136182895,0.05463738670254037,0.0009070339083807472,-0.12156234796266595,-0.07043280489104009,1,1
273,0.3726419047724496,-0.020837229858310897,0.08226796925903156,0.00010105754839920645,-0.13234250815867313,0.22132065446667953,1,0
274,-0.07319718608217442,-0.01227948386105066,-0.00029690268166422706,0.0010880484958335442,-0.12233150607965938,-0.060637219991562366,0,1
275,-0.0833324337026515,-0.014300222718142444,-0.006514530938163351,0.0009852021689672385,-0.12256845124901494,-0.05419094946815986,0,1
276,-0.053886958492704244,-0.0895145961919726,-0.07218873196187577,-0.0018427058937766508,-0.12069776728700943,-0.04880120143880998,0,1
277,0.12136653975448888,0.09543530228180817,0.01342554406261684,-0.7077286672621615,0.5806865135534677,0.14196812480501136,1,0
278,0.2675426329674022,0.0038217647653095337,-0.090578792130781,-0.00207764876744171,-0.12635001049962846,0.09068957826874523,1,1
279,-0.08939926578860213,-0.046196565705743674,0.044204383653802304,0.7070285614967471,0.5844819975071962,0.017145337942194843,0,1
280,-0.09159517603277413,-0.060903778956892626,0.06041348097403622,-0.7053456346348859,0.5866701615646938,-0.056325415524004295,1,1
281,-0.22182346378599646,-0.029579806009754708,0.03253131877531126,0.7081105677818733,0.5863902573222616,-0.08823601023755734,0,1
282,-0.3898114180349804,-0.028635352568894483,0.07965476528106379,0.002763485776158419,-0.11716421301917805,-0.2753689222655841,1,1
283,-0.3148538872356582,0.004301284113003005,0.05377104181569959,0.0006337624023363648,-0.1184441241922892,-0.13918566987246206,0,1
284,0.07127336309530488,-0.09844064000427892,-0.025486030883801105,-0.00017537290996772202,-0.12196253876500657,-0.054696317848008685,0,1
285,-0.11848323361200913,-0.06319192150163619,-0.025674679164751583,0.7074978849272605,0.5845402282365791,-0.0904146636008026,1,1
286,0.3837801282409402,-0.022138174043302525,0.0009376374849676202,-0.00020808777117701418,-0.13054795333568314,0.16990294815406592,1,1
287,0.3514363793353854,0.25795495449611644,0.030224876439585793,8.105649330625236e-05,-0.13855583154992687,0.31207590406744046,0,1
288,0.008966873282731321,0.052423794791097954,-0.059335772169475186,-0.0018954119150534018,-0.12249750772519749,0.03933325057567047,1,0
289,0.688849529359096,-0.3732830536388169,0.09446419260918305,0.7077176825128483,0.5727267295844629,0.28438250903139495,0,0
290,0.8859682915169907,0.5336128706207429,0.10484683673755653,-0.005294666583718687,-0.15518219933030075,0.8024824473109939,0,1
291,0.010750734667615815,0.12196873800575132,0.03366885229575804,-0.0005988831416937117,-0.1277270915709236,0.08600490392666645,1,0
292,-0.057008978634511806,-0.004957289047184043,-0.053329660774946955,-0.00044635419615462254,-0.12151439927822792,-0.045419857193843824,0,1
293,-0.10216367669518309,0.04018011427243093,-0.03195151745364355,7.258233610439496e-05,-0.12120327925227374,-0.061111827504156814,1,0
294,-0.05767235956504525,0.04089135157971389,-0.07657939743986947,-0.0012801846606372827,-0.1248951376772398,-0.047892377445134485,1,1
295,0.5180215935315164,-0.19070980823125952,-0.07267878232667253,-0.0009345055592170943,-0.1263756171581112,0.14271844477271667,1,0
296,-0.15938046519124213,-0.0031585841419892956,0.008563725975171929,0.0013254956713785163,-0.12006569121332035,-0.11737578847348666,1,0
297,-0.025333440241998188,0.06223733073592231,-0.13453957102080163,-0.0022814618441587362,-0.12643372294302613,-0.019959006406828635,1,1
298,-0.051540508528601515,0.004412357291865097,-0.01634555381631084,-0.7067120384005238,0.5837962479721388,-0.009898281178884511,0,1
299,-0.27294505232939004,-0.0031529655815649643,0.04462103529778758,0.0021634451360330684,-0.11926171972107912,-0.20070522667437157,1,1
300,-0.23199452189237404,-0.036203299574427424,0.027481144596031085,0.0026516270103192747,-0.11908200227395177,-0.22695417564184578,0,1
301,0.17380064095497133,0.002626014525293938,-0.006546829477341182,-0.0002488350973247588,-0.12913057810691134,0.09393415300924204,1,0
302,-0.33191981291439465,-0.06682929683570352,0.07749941778100275,0.002635507991390022,-0.11809057403256348,-0.22736140453030554,0,1
303,0.17497527775451113,-0.10086273946977865,-0.025365290543421928,-0.0023142328762964263,-0.1231745439538327,0.09320775684098587,0,1
304,1.3501606627550844,-0.024404858703609728,0.24957761619948543,0.002561204419483455,-0.15101272542810465,0.683642517130831,1,0
305,-0.15461168124672742,0.002419760167688665,0.01703300986567397,0.0007059021239740518,-0.12116792093526949,-0.07677266108748422,0,1
306,0.10409666756068332,0.06546361786849694,-0.009193541264846049,-0.0006882858670346574,-0.12713760159487048,0.12379760247581803,0,1
307,0.22552652252618002,0.05337667854127774,0.12205321103298016,0.7061706609867628,0.5715898731972613,0.3055830779779053,1,1
308,-0.26202389159360584,-0.012070026058006474,0.028322384574472365,0.7085727077165592,0.5866520157959837,-0.1227211928020919,0,1
309,0.10308831000580237,-0.11319181712823428,-0.010882894216885203,-0.0013111613425437622,-0.12419291047910942,0.03882123938861513,0,1
310,-0.15847533833813787,0.0884839949187507,-0.0167457731303068,0.0014166129722782727,-0.12303099280163204,-0.10621515938590895,1,1
311,-0.23444398964859425,0.006031280643411695,-0.00717385708052312,0.0015174160650068232,-0.1188766945012251,-0.18511237616536444,0,1
312,-0.10386588113344414,-0.0283173417174513,-0.027094652129945048,-0.7059891427866023,0.5873495145141592,-0.08083950377819761,0,0
313,-0.0914284873975163,-0.0002072509181316117,-0.042843175159635226,4.920745500163246e-05,-0.12068971002281564,-0.08069205839301649,1,1
314,0.2586296306320853,-0.07995148140212764,-0.04448680108784589,-0.000820604582269976,-0.12217035502071573,0.13373310582295853,0,1
315,-0.03808157558887517,-0.003693043258528994,-0.017009468349031318,-0.706617114112447,0.5856315829796879,-0.003006004372303474,0,1
316,-0.1692670668679615,-0.015572609505168816,0.04657171665339085,0.7075241156340019,0.5834017200489843,-0.042543337982848387,1,0
317,-0.3615625735475746,-0.04164954133238935,0.07199083562253404,0.7089787980606217,0.5878618608807451,-0.18611745246565264,1,1
318,-0.07341534644510984,0.008187839332788056,0.01340190905919887,3.0844775602823006e-05,-0.1219093279540699,-0.01470710307868573,1,1
319,-0.22509363130489485,-0.014731198442268077,0.02166268357975503,0.0011501483282361352,-0.11902520474728717,-0.13875506951366098,0,1
320,0.01109318246756017,0.00826384944147432,-0.05220541212675097,-0.0003238522590561695,-0.12251096034488657,-0.024882950896698303,1,1
321,-0.09287453929494394,0.021421316357655353,-0.030286319312097788,0.00045256761217124606,-0.1217049024247777,-0.08398858315800771,1,0
322,0.07476145645443422,0.16199628276404957,-0.08153920239038426,0.0005551397184745182,-0.13890909979734317,0.25153425515689515,0,0
323,0.0038975267443877516,-0.02957836023701527,-0.03362580206222632,-0.7082313433481073,0.5810897884234225,-0.001545412339502194,1,1
324,-0.15807602261889483,-0.010808806523181932,-0.07886162915804126,0.0008861866880064387,-0.11920891717037556,-0.17332858651127522,1,1
325,0.1672771852155078,0.0058592964583644574,-0.049422856253580505,-0.0015600112061569726,-0.12587261589130133,0.08581716743135998,1,1
326,1.0022955877337423,-0.06379078254967221,0.14433730431499217,-0.000495329817504542,-0.15068592839932893,0.5745151512712889,0,1
327,-0.40169817509934935,-0.04115939112399368,0.10587506450574324,0.0032812112863584474,-0.1177248460047135,-0.2945983240627946,0,1
328,0.04815684702793591,0.026683871552728004,0.06738443787210487,-0.0003491946274285609,-0.1276383747821979,0.11420562744306825,1,1
329,-0.086640930377153,-0.033596552140661214,-0.02129084538039659,0.0014832112480010764,-0.1206317251620494,-0.1134199151026358,0,0
330,0.10423871456165867,-0.004522612811727675,-0.09766299878195177,-0.0012318159215454875,-0.12474048010777934,0.009216831915330287,1,1
331,0.16353818856039914,-0.052099672756201226,-0.024310670025768654,-0.0005817398857715087,-0.1224557554773743,0.05974561225191862,0,1
332,0.205508248943518,-0.09245699842253866,-0.07862283925240389,-0.7062256352140603,0.5846225108547558,0.02066067650732143,0,1
333,0.576617145442573,0.040370585315466154,0.053375730635396385,-0.000749069515215757,-0.13698929939985233,0.3525018916035959,1,1
334,0.0009735085229048556,-0.03451711065442888,0.014240616707896671,0.0005308786727547971,-0.12218378011161646,-0.03202370795257813,0,1
335,-0.25883334204628133,0.004311876085035637,0.006294193429342892,0.0009638958523317855,-0.11855225915119495,-0.15373740420785365,0,1
336,0.23809393736787407,0.03851130502402814,-0.030570580667176557,-0.002251414238977594,-0.12771540991829197,0.19400202223642865,1,0
337,-0.2663052582434069,0.007954389889210394,0.05112999409219051,0.0026159320720245166,-0.12043476573241595,-0.2064768000633797,0,1
338,-0.20564066974762094,0.033396617313522725,0.009732789093664186,0.0003244741055087488,-0.11981861945008122,-0.10102261433595165,1,0
339,0.17709171495258302,0.07047553749413749,-0.029299956780222187,-0.0009225490057471708,-0.1269513933228046,0.08202436524726409,0,1
340,-0.27211614933833744,0.016293073208036937,0.01562423474757694,0.7086161799348064,0.5867552651835157,-0.1313094653257092,1,1
341,-0.2959223932067255,-0.020658375002043067,0.036625071143935234,0.7086042753025552,0.5877521273936087,-0.14718395913885368,1,0
342,0.006980939984157813,0.008509828786779115,-0.05919414529675892,0.0012257778365433836,-0.12101046498646655,-0.10310669873952671,0,1
343,-0.1616702748537839,-0.06906631112000346,0.0185635052041238,0.001857721314223747,-0.11841073387393711,-0.17861977861358233,0,1
344,-0.1920529617183771,0.02969441207077622,0.021699708351058642,0.0007512278302998209,-0.12050176571485592,-0.10007458922907288,0,0
345,0.45608681875776524,0.04368811558257277,0.037308401365630635,-0.0009154838211846349,-0.13825001329757985,0.25211229836017335,1,0
346,-0.43293958571098873,-0.04513943695358218,0.11641710980196389,0.003973433557478496,-0.1172611450610401,-0.3354221950774274,0,1
347,-0.25565574899088767,-0.02872556818493158,0.05202965650175321,0.0015108324317881605,-0.11910966691639004,-0.16515626265034294,1,0
348,-0.21153080227662943,0.05163977032891749,-0.005815269889217777,0.0014906889795248573,-0.12103303440059808,-0.1466210096704492,1,0
349,0.037041259473942295,0.10987892759361523,-0.06805054025302659,-0.001597677571932715,-0.1251900232500336,0.06173522121212052,1,0
350,-0.3477154428081,-0.01520910314718291,0.07968671838456083,0.00295525603190652,-0.11879030761313214,-0.2578395471954783,1,0
351,0.035478618312640334,-0.04796351629473219,-0.0343501694250901,-0.00038085702175843123,-0.1242524064019255,-0.0248604773861812,1,1
352,-0.18825051599685644,-0.008653160853815433,0.020925722038776146,-2.4065681012179426e-05,-0.11837616049163426,-0.07318318782557118,0,1
353,0.010492349976264312,-0.14396206837675846,-0.02387094267655651,-0.0012956549905559858,-0.12172115021932219,-0.02276700862859883,1,0
354,0.05217079469545466,0.1028571598004047,-0.022566404992933074,-0.0010492739623419887,-0.1300890064366664,0.10932894412426075,0,1
355,-0.020750923753831543,0.0038642527811591633,-0.040425212390062575,-0.00044443814051771526,-0.12797833401540665,-0.04759450127215357,1,0
356,-0.29109082748393633,0.004927694907700659,0.013285207533992207,0.0014139838107270208,-0.11828259455989756,-0.18976957048680038,1,0
357,-0.05661148956251417,0.04601168300248819,-0.024223894008241646,-0.00039045825733076856,-0.1214956593875067,-0.008347833810825206,0,1
358,0.28671355985071045,0.11635227983802275,0.06994939641596168,0.00019728496018240956,-0.13506815065999656,0.2265669250076174,1,0
359,0.15570570788160307,0.04274333334528697,-0.011109112687054551,-0.0010348467617722031,-0.1268271787870214,0.13645185820628739,0,0
360,0.5285277632772478,0.17522701380008016,0.0736398205571708,-0.003008602414173562,-0.1346602356455531,0.4102439374002973,1,0
361,-0.21879410231525243,-0.030661072359565736,0.056076476281288014,0.00045257890097533967,-0.11948601994359342,-0.0963171268764074,1,1
362,0.20542610026662847,-0.20778992270020386,-0.08778182153290792,-0.0020382848341996174,-0.12473164889354946,0.012510556957617968,1,1
363,0.13981762227026157,0.11730929703233002,-0.005528153122955704,-0.0003511806594232224,-0.12761128233925537,0.09492497223357318,1,1
364,0.1672465439694213,-0.024059108943850792,-0.04082041490674488,-0.002912900803529145,-0.1267241904346202,0.15275492480428185,1,1
365,-0.015064395839140595,-0.03750130565928802,0.026644036226731876,-4.598203380262144e-05,-0.12247116131450848,0.0034309500148225393,1,1
366,0.1073382979248576,0.06232915391013527,-0.01890168012180697,-0.000790195617203867,-0.12568046171456748,0.09683964576353699,1,1
367,-0.043188222731707075,0.018741411671730997,0.02800272274364976,-0.0002326276682037239,-0.12470543133784999,0.005853187825305073,0,0
368,0.0479607498258487,0.18902470336290142,-0.01749265992554356,-4.9911303771469205e-05,-0.12987111634136694,0.06988587266461896,1,1
369,-0.3578750526809811,-0.04126259814413127,0.09876291825237223,0.0024134320987802757,-0.11827945485782704,-0.22952817940999057,0,1
370,-0.17880434971221487,-0.013496652017243206,0.014410562503186496,0.001249210675541857,-0.1205587304845246,-0.11333617316912635,0,1
371,-0.052842241235153166,0.0020182889085358833,-0.12201452060402872,0.0003742525301474337,-0.11922503595139727,-0.08183925924258197,0,1
372,-0.24475248204294214,0.0017451359271070397,0.022732116085831835,0.0015922776602847956,-0.11962196234193605,-0.16403809623613239,0,1
373,-0.20093057038003162,-0.07302701890358378,-0.023844669624204864,0.00033066673886384627,-0.11824820364352924,-0.1634432616489086,0,1
374,-0.12004028929480139,0.0111696342096289,0.02724386218004774,0.0016660313953963354,-0.1259596338662794,-0.10939697096685179,1,1
375,-0.11805820153090052,-0.11799002589509221,0.025417000764650935,0.7098186642706302,0.585770437131848,-0.15202848900102311,0,0
376,-0.03861954299407443,0.056957336204154004,-0.018323517694572113,-0.002362167766621463,-0.12306887329041788,0.07499901859693077,1,1
377,0.014040326644359004,-0.010381214549368993,-0.06744622486575194,-0.0010969615323243463,-0.11970108177841338,-0.004568413024752347,1,1
378,-0.23907013988064799,-0.013509449579760932,0.015205210245321392,0.7083212426888913,0.5874053907173743,-0.11422557770047238,1,1
379,-0.05487325242887225,0.0044780330808726326,-0.04720402903024614,-0.002017590543795809,-0.12058905459916278,0.03686375543756834,0,1
380,-0.22539200540182963,0.010817987291935574,0.0026065874692212257,0.7072550310137501,0.5869118305305896,-0.057200417366408136,1,1
381,0.012134454393142086,0.0539548272194648,-0.044588029241432944,-0.00018367238912173734,-0.12501764441131608,0.0068987828264831744,0,1
382,0.29523624571548907,-0.018480490989080795,-0.0017906251362126058,-0.0015599545660359643,-0.1277055855779741,0.18620085781754075,0,1
383,-0.07938964431400934,0.07524357128234899,-0.04161443173073111,0.7069914144156916,0.5831643260431487,0.008960355880653472,1,0
384,-0.08228594957597393,0.041192670503581275,0.0014740795286851723,-2.012050114297206e-05,-0.12308685895029194,-0.01912390625137556,0,1
385,-0.08092999337227262,-0.02312511280947423,0.02177384941216414,0.7069136206019894,0.5842300556400972,0.019323128684112716,0,0
386,-0.06628302351540119,0.009021031564184732,-0.017025995702607623,0.0006286620237546028,-0.12273364830544506,-0.037135310066864845,0,1
387,-0.13888669161574754,0.023136935143011073,-0.06777601570469771,-0.0006116595900801301,-0.12273269393017129,-0.10917027376104378,1,1
388,-0.27838823722864003,-0.03309523583453966,0.028374832135702945,0.002190070997751182,-0.12040479570957888,-0.18673008621107617,0,1
389,0.3068184466638519,-0.11400246712390572,-0.03119655939406029,0.0012548094578145729,-0.1257602877196951,0.02576852090176015,1,1
390,-0.33936130609164,-0.04089919411519247,0.07267492284755907,0.002031596416612462,-0.1178999035386383,-0.22893669584490942,0,1
391,0.06678793819078355,0.02731448854362343,-0.06508220945553934,-0.002693307817327756,-0.12474685707721872,0.082905310818431,1,0
392,0.21127813321064837,-0.05501601316268815,0.01790350421742689,-0.00024726578584863555,-0.1290723645136091,0.0698078196637347,1,1
393,0.22266643600532235,-0.09710971885669688,-0.03798345612175648,-0.0015546847338160923,-0.12894301625318605,0.07980463064819693,1,0
394,0.006695233972018165,-0.06352231010833113,0.02368030203006572,0.002728766480877065,-0.12374883310798662,-0.13372245071621752,0,1
395,-0.0014130152123216105,0.02501733409117964,-0.07455946392182387,-0.0005634390836791202,-0.12274155873571295,-0.02045694824481139,0,1
396,-0.02391568775300632,-0.13413816507693135,0.009508833913426346,0.0021416342699691,-0.1198320802054617,-0.09083558240105903,0,1
397,-0.30544451931928773,-0.0041077516153995375,0.05081739287706388,0.0015398160060935693,-0.11909532222399472,-0.18156999726521703,1,1
398,-0.370261309016661,-0.012005248483520307,0.07489948057734712,0.0015570577952422832,-0.11764550115364758,-0.2017628009254259,0,1
399,-0.030707010857118563,0.08540773686421538,0.014187644029734256,-0.0010576399648083786,-0.12412944638195852,0.08436267908197669,1,1
400,-0.2667755277838244,0.019942957461525187,0.012021244607319698,0.0021174079535583837,-0.11898731744352918,-0.20513248856651653,0,1
401,0.19892091453172844,0.0882105826519387,0.015817442795572394,-0.0013029869981273825,-0.13025925004836206,0.20967108434489598,0,1
402,-0.05729400986385667,0.030323299396782705,-0.0856043106817523,0.0005973600667771142,-0.12402242021284417,-0.01926522602421025,0,0
403,0.056899782113211894,0.0677589586255371,-0.06550920508503938,-0.7090815575500269,0.576601436710168,0.07314167862839796,1,1
404,-0.11328507743150401,0.028339404849871977,-0.06598199214865123,-0.0019134872171927824,-0.12256987412706469,-0.035779379481873035,1,1
405,-0.2752192125814704,-0.036723751863008885,0.0681195971689733,0.001948081156963466,-0.11912233727743142,-0.18091430273921924,0,1
406,-0.05261535686132547,0.001703767760100557,0.03354211373530647,-0.00036912147939974937,-0.12339515665160246,0.0239910907503673,1,1
407,-0.11332374094824647,-0.08403038188585896,-0.02621612694901422,0.0001038626825733906,-0.120681390399372,-0.09321014827797523,0,1
408,-0.07390473188793518,-0.05129847686091682,-0.0010383394336863857,-0.00018334580815021584,-0.12288610006237381,-0.023963311344019446,0,1
409,0.27389759324535284,0.0670701013147147,-0.25757103456518693,-0.008861239090519848,-0.14296699992396575,0.13004490410462563,1,1
410,-0.2494526644659864,0.012133342675512027,0.03252980570197749,0.001595943207316012,-0.11987923828191531,-0.14930039122840635,0,1
411,-0.3590400053270075,-0.01228755303418065,0.09419603090249327,7.251025902443226e-05,-0.11775332302335677,-0.11844436922291092,1,0
412,0.07683774789264224,0.0031712941062272525,-0.09155227174263882,-0.7089935200210029,0.5855713800103679,0.0317267912717528,1,0
413,-0.007595208843982999,0.0690451012123675,-0.029065852190027646,-0.0013652908710670992,-0.1243206011403728,0.03897166448508809,1,1
414,-0.17274259839620537,0.03011778481302571,0.008515867556577714,0.0007968652144149401,-0.12171214259485628,-0.09220638938836649,0,1
415,-0.26620666339299565,0.01289623296291675,0.007454840302014364,0.708038356397648,0.5870751638970368,-0.1159795235678077,0,1
416,0.36131742239735337,0.15540376233414577,-0.0863282468855716,-0.004204579786218764,-0.1343823957381906,0.28516446976091764,1,1
417,0.1965946961823321,-0.216630281996269,-0.07581841038193873,-0.7069679596508797,0.5848610113231213,-0.012189626118392562,1,1
418,0.48230951479297024,-0.21624829604961934,-0.1451666673362902,-0.00444656266041079,-0.12920232066038215,0.10834070767662338,1,0
419,0.09696215488027891,0.08903188349084894,0.0005657182335216982,-0.001760596835166918,-0.1264502444962798,0.12987796139176452,0,1
420,-0.0021443292837362,0.003014650872696055,-0.05012600691390828,-0.0006816151785946539,-0.12302257664041669,-0.031111187731739886,1,0
421,0.15156917464017616,0.2027244955815805,-0.01806817941110359,-0.001100600816104069,-0.13271071727165723,0.17407104279596197,1,0
422,0.19746272392448863,0.09362178378778592,0.01522157911837192,-0.0015790310221973256,-0.1285185023108789,0.20047112556167576,1,0
423,0.2008071602551887,0.002402604177700568,-0.02544803254706448,-0.0018485452467535504,-0.12870906162669105,0.11118763682969662,1,1
424,-0.22493831791064764,-0.011310216288258717,0.02224818255567877,0.001604057737935825,-0.11845379946568943,-0.17944350982349302,1,1
425,0.03577258907870237,0.03620274428328034,-0.0962276562677865,0.00018836815815612083,-0.12503141667865514,-0.013105529676241495,0,1
426,-0.059504221742239884,0.07923171799128625,-0.044950450769960404,8.822418372785376e-05,-0.12483655293548529,-0.023697937500944125,1,1
427,0.3774463515213241,0.18058663465768884,-0.173473517863039,-0.006724930130489993,-0.14003864763452295,0.30673538655422067,1,1
428,-0.25132605915397793,-0.015362895856116603,0.03090821710578303,0.000981225692383941,-0.11938536315261933,-0.14793805173236635,0,1
429,0.027812791833330658,0.04113533144849628,-0.0003765176494414106,-0.7064475640865508,0.5834253970861811,0.027201114618224696,1,1
430,-0.0454848086040805,0.06895902672102965,-0.03195138597249569,-0.7068653105472877,0.5851702419722379,0.01815580851269873,1,0
431,-0.14058586041223947,0.10635478175396978,-0.10803728345157158,0.0002578308547768383,-0.12264652662559253,-0.11446762199560966,0,1
432,-0.08744132855974997,0.04970703310950706,-0.028162448015152438,0.0011149024146950618,-0.12409817325217495,-0.09396497801346874,1,0
433,0.05566728101036624,-0.001958419075692513,0.047944745862126756,-0.7066062623703953,0.581417664855105,0.09184240665390354,0,1
434,-0.2115233278253186,0.01576811019233774,-0.00027443463912730294,-0.7058624174081798,0.5867536242389234,-0.10358715255332221,1,0
435,-0.35586189759277304,-0.005553745092263761,0.05076760534516179,0.0034312203057570057,-0.11924422901381324,-0.2753768371438585,0,1
436,-0.21430537797668442,0.033850277944011395,-0.027201967022678814,-0.70698230802405,0.5885228108698993,-0.06475337294609716,1,0
437,-0.20110677875276559,0.01781849910355124,-0.00210667540726631,0.0006798606014822546,-0.11990788139324635,-0.11787939798826688,0,1
438,-0.23449471659414198,-0.021221075430170863,0.027401297425213415,0.0016124530593382433,-0.1187723563568838,-0.17066802611498472,0,0
439,-0.19369188665445367,0.018915197317329026,0.045273464177376654,0.0010609747732342966,-0.12160291322366647,-0.09994055377548607,1,1
440,-0.20328391992366374,0.0002677664943582064,0.06513281278605935,0.0007261258179846292,-0.12109994447693005,-0.09529912452310463,0,1
441,0.2680672021248202,0.1280436658267671,0.031839792342092436,-0.0028511793049127163,-0.1322350239161756,0.24831434756438342,1,1
442,-0.4005340859678268,-0.029466543182943856,0.0857917898051358,-0.7033884131343053,0.5891570015894414,-0.27217480440786096,0,1
443,-0.060650527754749,-0.026955723522911635,-0.015701604329933515,0.7073121349461586,0.585605555237011,-0.020664535163480283,1,1
444,-0.2045465963549433,-0.028607561167274184,0.022797971907148603,0.00042696866137252576,-0.1189165506129002,-0.10192641982531488,1,1
445,-0.05561762360508594,0.014369438570241607,-0.04921251659493241,-0.0010103281302060165,-0.12165046146484627,-0.02989153519441737,1,1
446,0.005017165353444448,-0.03302769301625714,0.057081382905648556,1.4418537230124917e-05,-0.12379569629588838,0.02037881184693407,1,1
447,-0.20786192023771105,-0.05133016453893523,-0.0589203382372851,-8.31453163313767e-05,-0.12059093741305796,-0.20004711967253852,1,0
448,-0.09725361365141905,0.0017501778468197251,-0.049933251793385924,0.7063826030001696,0.5853973603315471,-0.012834175358520937,1,0
449,0.11441941856647994,-0.0012740970164753789,-0.04963287411861348,-0.000358471670338995,-0.1234690336085479,0.04329920214718905,1,1
450,0.08846116130494888,-0.09389178453687104,0.060654552015619895,0.0001425111444155714,-0.12377185693963123,0.053729834013088354,0,1
451,0.09331940037432404,0.04492151018412676,-0.019094017878722586,-0.002106590229135349,-0.12784951892823934,0.12368260350168885,1,1
452,-0.11735996120103567,0.02139244635914082,-0.024523913170181873,-0.00020051513557975032,-0.12217218986412065,-0.06003986307380738,0,1
453,-0.06431195254720909,0.02687701132650084,0.0011789800382513496,-0.0008954939323540124,-0.1234630734278463,0.02140104034496444,1,0
454,0.03681824373712147,-0.042408173860759873,-0.0037628795795937595,0.0004694930856470873,-0.12399819307771894,0.017430784383232867,0,1
455,-0.08235898699903434,0.015510721297374479,-0.014823689340058331,-0.704612206484296,0.580180686129987,0.008595739563867024,0,1
456,0.03660706281959345,-0.0019491075036789545,-0.026592478451435638,0.0006957911022203447,-0.12407894052170083,0.0038870757892869724,0,1
457,0.07128540829177682,0.001286692560316117,-0.015465576358902208,0.706438438823182,0.5799966665894377,0.06594157740140598,0,1
458,-0.05114948111769756,0.047987838449595026,-0.009116030724606582,0.00010191803141859582,-0.12254665126619714,-0.016894294304874033,0,0
459,0.5785255196077462,-0.046945524273020456,-0.036819800496910075,-0.0002179126453563225,-0.14160783189292875,0.3148087520775183,0,0
460,0.3123219063658018,0.04671213459192795,0.018353116857651043,-0.00046750126721627005,-0.13168957673594858,0.20199853433115558,0,1
461,-0.0968384360962002,-0.03230273874120597,-0.051445320204760385,-1.343152324848829e-06,-0.11926052189619263,-0.09077909768146972,1,1
462,0.2635829410904878,-0.11052617104532869,-0.053113008619048295,-0.001905718072573278,-0.12496699920152682,0.10416958410981848,0,0
463,0.1335235467738902,0.04021084237895444,-0.03456658666702871,-0.0015084048869028824,-0.1261832306074234,0.09730710751126641,1,1
464,0.19676136395140242,0.05335588993778318,-0.007950508067846434,-0.0015846467727770653,-0.12650210793507993,0.17950320187315993,1,0
465,0.1431978952464913,-0.31316598961885267,-0.02892365163932269,-0.00020731758272873082,-0.1227058486783087,-0.07206693093375967,0,1
466,0.035955312430437675,-0.004584602756178917,0.0017370857911671131,-0.0011726818034018618,-0.12853923196550088,0.0610950968424118,0,1
467,-0.20742527409458142,0.02991335711792674,0.029890478578927675,0.0019679039314274196,-0.12172576524273575,-0.1452962212874175,0,1
468,0.05114640650417695,-0.12026546325035713,-0.010318571531423926,-0.7093844080018171,0.5822526000946197,0.09770551615129354,0,1
469,-0.003747637765202686,0.03501143250465317,-0.022804955344784623,-0.0001270985314054029,-0.12302379163010686,0.0020913331965190696,0,1
470,-0.16138739605918817,0.04009325713654345,-0.0024190394119631203,-0.00018119722424537427,-0.11917239091713196,-0.06122238307209269,1,0
471,-0.10768021914723357,0.04492061667838354,0.028315622878085207,0.000843109642764269,-0.12297375526173725,-0.049605706739174645,0,0
472,-0.20713340673499156,-0.01301380198709682,0.07789105654552603,-0.7067390324613809,0.5859899988835932,-0.01623828136616507,1,0
473,0.2695733880964845,0.01185206343005156,-0.012492136893814008,-0.0017111804712106964,-0.12753111804086487,0.1340353348999392,0,1
474,0.5914783075760949,0.04378916430270724,0.027586013162706476,-0.0035764536114958924,-0.14204495299948544,0.4238423021505202,0,1
475,0.0865878096726827,0.029289255332776834,-0.060358066307989046,-0.002230516974812527,-0.12498296464880884,0.11432624357369983,0,1
476,0.021222699318675396,0.16058180035762393,-0.07237235574053703,-0.001339827443849669,-0.12649085960278214,0.07670166553899062,1,1
477,0.37764138035865036,-0.17583411170227425,-0.19974050745611244,-0.006265458584263992,-0.13286099020879372,0.11992981091185856,0,1
478,0.17683883082984053,0.0656756436618298,0.015294187562229953,-0.0006195198129320907,-0.1256295289682519,0.10953660326650602,1,1
479,0.15373892046521137,0.07213588740259291,-0.0514293394077572,-0.0018034345827732644,-0.12718454338919208,0.114677560588484,1,1
480,-0.052230235129368176,0.02201310097052902,-0.03625261691169736,0.7071196182843512,0.5842172088951263,0.006591193554573136,1,0
481,-0.2637318654525043,0.019054374829815014,-0.008638987698486998,0.0013159618858835708,-0.1187372130393913,-0.18425944320044568,0,1
482,-0.2844278234759515,-0.023601714426118747,0.03390161209403998,0.0020523822796208423,-0.11820044648300636,-0.21397345843941062,0,0
483,-0.08770728608219339,0.0678735341393555,-0.027797642996852622,0.7076150540300475,0.5818671222313045,-0.0037332495208143718,0,1
484,0.054725420840051595,0.021529457687291347,0.0022993118928127435,-0.0004799507133038701,-0.12383398392925143,0.04930280899943063,1,1
485,-0.1149642259873216,-0.01423047279944427,0.06536457328692163,0.0007686773533573125,-0.12291735429918603,-0.042551918385281884,1,1
486,0.16481784639854774,-0.0660839304287009,-0.042433210005085334,-0.7094619165231183,0.5814720099696441,0.13976867244219052,1,1
487,-0.154918321427334,-0.04303292760845671,0.016814031529513704,0.000941052883359181,-0.12046748248107833,-0.13428834505266268,1,0
488,-0.001308911430618159,0.13520890021829918,0.05265631583078996,-0.0018153320883515294,-0.12836159523468924,0.16231610975136598,1,0
489,0.40437267458599707,0.093026051166553,0.09202458984434982,-0.0001933976470209928,-0.13800616895844128,0.2799542872009439,1,1
490,0.2592167853398294,-0.11106162405372058,-0.060453879792163025,-0.0034405270330606793,-0.13359654956101355,0.0937479213465615,1,1
491,0.4000800640356896,0.1191067993932372,-0.010642931536934255,-0.0032514965153028915,-0.13604270443983457,0.3146474732422723,0,0
492,-0.1636660183178532,0.02957687733941217,-0.008594040864736485,0.0012261769473821812,-0.12006100947482565,-0.12850956118615717,1,1
493,-0.3581548883309471,-0.05543934550118788,0.0915887080533948,0.0027452270948715414,-0.11748104132441227,-0.2614178185264012,1,0
494,0.08347378509397987,-0.04016053170602177,-0.049154017203809935,-0.7063528089953902,0.5849838011943509,0.005094080777433997,0,0
495,-0.07274417448482551,-0.04341367153643372,-0.021362113323565284,-0.706281565019469,0.5859252020924957,-0.04554794537169895,1,0
496,0.1992331112374153,0.027246056046358137,0.017619240740860288,-0.00032794130876925625,-0.1275996481474546,0.1278403264046337,0,1
497,0.030318906852776984,-0.014391343213074335,0.0058383460739841984,0.0008162120737455625,-0.12447993327825332,-0.005862771576025278,0,1
498,-0.2813518943491991,-0.01629973729881657,0.020562623247457026,0.00212682369080536,-0.11884938886784971,-0.21615421623043024,0,0
499,-0.38456432329725265,-0.02425586105383571,0.07839974897303022,0.0017627276113288243,-0.11705884789542961,-0.21980669156119328,0,1
500,-0.21036105841906486,0.007278610608499615,0.051873019906856915,-0.70615056383846,0.5862779800294483,-0.05331044757438677,1,0
501,-0.14639414878283538,0.026500450865364608,0.04166055729425628,-0.7054194283445017,0.5854270028629385,-0.06643856685568963,1,0
502,-0.06592245792217273,0.06327583926596977,0.05749650158381667,-0.0002598567695963648,-0.12428385926162344,0.03700863980074172,1,1
503,0.17710776444036963,-0.06765225751331765,-0.037839702481175096,-0.0016919356075468103,-0.1246881372663505,0.06730274953761455,1,1
504,-0.03830799601955835,-0.014692901346003475,-0.04794106618795668,0.00010504751530495646,-0.11989897483761873,-0.05567687006399456,0,1
505,-0.1354045375558175,0.06738362581693995,-0.01745227497396284,-0.7061051682267928,0.5859750429651962,-0.05266539071081064,1,1
506,-0.05376321081676184,0.026156323031007275,0.012239440690202764,-0.7083301883645831,0.5827122789253029,0.10172620457200823,0,1
507,-0.35008844496839636,-0.030830277328139255,0.051452098695559924,0.0020367925542118595,-0.11691345362841334,-0.23880010666281662,1,1
508,0.17627813854834998,0.009506160038680104,-0.037686991407233875,-0.0017829129587223324,-0.12750854796114816,0.10524035156465363,1,1
509,0.004320238830826983,-0.0085874888189011,0.004623148266579786,0.000939199605573317,-0.12339731119461331,-0.020354102320344816,0,1
510,-0.15456886014357923,0.02737621255569484,-0.04355669661316712,-0.0002623264135104825,-0.11936205405699976,-0.08076193504318875,0,1
511,0.12309383433252577,-0.0021166448361144654,0.0288385170918467,0.0009276000104355357,-0.12713445890966982,0.06344255101113758,1,1
512,-0.1694969055669755,-0.016237776247941083,0.0036377634213745846,0.0007203826821333429,-0.1224072321420134,-0.09148441420865075,0,1
513,0.20571397571448974,0.04225051885763985,-0.00690696921895807,-0.0018327938502406404,-0.13339566165574385,0.17151835010694497,1,0
514,0.11357648878546941,-0.06004575543221065,-0.02647861496999781,0.00022807748457702256,-0.12206854930041056,0.0018124894321095333,0,1
515,0.10624308094818269,-0.06577643662393706,0.011297289919690996,-0.002623712877522411,-0.1251102722737569,0.1271797907323632,1,0
516,-0.1172124164492827,0.022306206316786606,-0.00911905307941471,0.00011194451148270268,-0.12020143129420346,-0.06390669013081311,0,1
517,-0.20648468069832576,-0.029864474077121443,-0.03061248460203576,0.0011451703893830556,-0.11759627607781228,-0.16117174885144966,0,1
518,-0.10317491168906276,-0.04868836683695618,-0.047730908524311166,0.0001998569889822434,-0.1195141886203423,-0.1185258580152896,0,1
519,0.662335613884778,-0.10902441158506235,0.11157476237983152,0.7056670514756193,0.569828000460279,0.4145090187216143,0,0
520,0.15489387868829654,0.001549464497587656,-0.07080539188652993,-0.0013046217976966923,-0.12605933239454664,0.08573961699450022,0,1
521,-0.1303536594710874,-0.04188004326001174,-0.0361222178286061,0.0011558015804546302,-0.11879839811041683,-0.139696087721775,0,1
522,0.017944748431153085,-0.08195846363705221,0.03642555577618842,-0.000625557940087782,-0.12112024516597565,0.04202520208659715,0,1
523,-0.0523181055359625,-0.044052953218588126,-0.03138294105961972,-0.0001239165751783372,-0.11861306484773829,-0.0626858962172461,1,1
524,-0.13083507182290757,0.023206567277994583,-0.08765512308307301,0.707234041672655,0.5875114404602502,-0.06116915736833509,1,0
525,-0.06642958694682563,-0.037344217805117305,-0.004277879015699915,0.0012541359193931542,-0.12052679754412768,-0.10361699378073912,1,1
526,-0.07462553839530886,0.04175064612579579,0.020872831703479245,0.0009749811485889201,-0.1283492666641447,-0.055890095939413936,1,1
527,-0.10649609945291291,-0.009409134289523212,-0.014905852724669584,0.00028084072785719647,-0.12079596557168922,-0.07870997442439191,1,0
528,-0.3430698462752401,-0.010128992908917582,0.06148627831259661,0.0028329524643580764,-0.11858123706424605,-0.260476807163895,0,0
529,-0.10051683057578789,-0.14385116934972164,-0.0206131142573589,-0.00080024820284865,-0.12338931358005395,-0.1318600278420043,0,1
530,-0.29666904546101897,-0.006748723352118311,0.03540548762559816,0.0022487948879965198,-0.11948802331639644,-0.20647120820824522,0,1
531,-0.2263875999097907,0.01775681450658453,-0.01830973454491119,0.000665013034139075,-0.11895126059877524,-0.14021400336738532,0,1
532,0.1552634735647602,0.05215941405557594,-0.0258414711595048,-0.0007347427773163717,-0.12422821144509866,0.09237307482750272,1,1
533,-0.1612032823098575,0.04569360868017762,0.01963027742083018,0.001351766845957132,-0.12316617467404024,-0.0927824920834755,0,1
534,0.1780281074773803,0.0469553695512516,0.012007433137923153,-0.0006340104764163255,-0.12874592563704945,0.14279486145511036,1,1
535,-0.20567506078339898,0.016215211094965334,0.022419583433445234,0.0014100210769858981,-0.12063488624830561,-0.1301160255893344,0,1
536,-0.026631126791346337,0.0758654230305073,-0.01062556453443984,-0.0008024404081914435,-0.12462638032118553,0.032121573993327934,0,1
537,0.024887423641073343,0.060445632662405255,0.011650370203308759,0.000327946740523693,-0.12589395495663677,0.04570688026732841,0,1
538,-0.2878193437074531,0.014133418010715283,0.018721857641350575,0.001077823050834492,-0.11834278829703296,-0.1646990280387742,1,1
539,-0.20499265614136705,-0.005874340626089761,0.001363307908772429,0.0017197635001899195,-0.11933092863572653,-0.16080622439704853,0,1
540,-0.21904832505874733,0.00013012565954571186,-0.020491009886556152,0.0015274658877902669,-0.11907816479365213,-0.18307709058587301,0,1
541,0.8799363318778661,-0.1877437650258728,0.005426911607218107,-0.710378201115503,0.5686915518219875,0.40469358426104063,1,0
542,-0.06233508093436792,0.02644861658282566,0.009065787390203611,-0.0004609092394908568,-0.12098942616160532,0.001241601599896479,1,1
543,-0.07150015619984457,0.04740767048284106,-0.06718487029953263,-0.0001469958320278488,-0.12407338104573024,-0.07063432675286115,1,1
544,0.2794134136557421,-0.1031739190892798,0.01525659508166504,-0.002782087162377425,-0.1273200171310625,0.14848815578254512,1,1
545,-0.2071689771292929,0.004328504664957016,0.008789043061916923,-0.707314380759474,0.5878762820249135,-0.0379097156156,1,0
546,-0.24910237278763803,0.020230089299916747,0.015096130781510002,-0.7061179170042718,0.5874732199197823,-0.09881793152788979,1,1
547,-0.18345858106934532,0.028329246212862685,0.0043611461822748564,0.002249247329529882,-0.12113465149932102,-0.16574652680825402,0,1
548,0.11771442279313016,-0.009215264073247744,-0.03854393498736337,0.7075407001571243,0.5811270970287704,0.06710358466846318,0,1
549,-0.14553808281246808,0.038578209933044685,0.044221085806480064,0.00039863407288007565,-0.12199288358213964,-0.04231508639288555,0,1
550,0.28034004720419703,-0.1697243579011806,0.03125132463863431,-0.7074395927328384,0.5781098369862453,0.10238777914615813,0,1
551,-0.12929693077461432,0.0526769677449739,-0.007827182587746001,0.000583109381283693,-0.12255631748188955,-0.06725370960543642,0,1
552,0.20187528159060553,0.07583945670847018,-0.056769699925286174,-0.001664323690320768,-0.12849226491395604,0.1258446532614137,1,0
553,0.2305208418236925,0.032834962539191125,0.06005319847692071,-0.0031195369546079587,-0.1287907631617334,0.23835696739749343,1,0
554,-0.12673773060340154,-0.07648263552794396,0.042949610395275936,-0.7049044112850843,0.587250414319273,-0.11314396351825733,1,1
555,-0.10805388967264445,0.00437755346812323,0.012028457797443666,0.0007649913392892781,-0.11851011918040992,-0.04233971709254643,0,1
556,-0.10099699110317817,0.013631276046621212,-0.047563275101139814,0.0020139638458621873,-0.121600817407151,-0.13885788765523113,0,1
557,-0.0066857950735353736,-0.1599601095540651,-0.04818408089221881,-0.7067275150747575,0.5884501240660087,-0.0837459701908599,1,0
558,-0.12994983367466287,0.011599659705864771,0.050821937976234785,0.0013119243025870857,-0.1232664175710425,-0.06525745933437341,0,1
559,-0.2140738870880015,-0.030818839062797393,0.04537814101118681,0.0011667793149510728,-0.11907344854628811,-0.1341196461196223,1,1
560,-0.15394869206791018,-0.06286974425799657,-0.03136373469313518,0.0008361078328418022,-0.11995072931371142,-0.17688636077125117,1,1
561,0.05297800489095267,0.03174992175601498,-0.05735789136100337,-0.0009398840412446127,-0.12183989499763004,0.041778297777302784,1,1
562,-0.01870580044766517,-0.01779848394284728,-0.037810971819330345,-0.001270184761307622,-0.12178291646280381,0.004088323134657005,1,0
563,-0.19330096631813645,0.04491380080292107,0.01693922210815104,0.0017044439603398005,-0.12446174802761299,-0.1306272442135156,0,0
564,1.0649126605539803,-0.5231604674079718,0.09157210285773315,-0.0002079012397126938,-0.13048199139237476,0.28728352209339403,0,0
565,0.3213143217417092,-0.08526794984763808,0.10805838884639293,0.7084219291600397,0.5731592125946705,0.1765943099822145,0,1
566,0.07834747667820023,0.006208110004616399,-0.06967213487576841,-0.0015587447345135604,-0.1222046303180166,0.02485038507077427,1,0
567,-0.019100481222341124,-0.02457688628796474,-0.004150263966986265,-0.0006455201909888681,-0.12058328952265476,-0.006268890353662297,1,1
568,-0.16342820842369046,0.006691236220940194,0.007075178063068976,-0.000989113768645544,-0.11901190060339187,-0.018727410308517288,1,1
569,-0.12351943859821486,0.005727423145267926,-0.011209967653075683,0.0004971704958128814,-0.11983486373110382,-0.0828850774488826,1,1
570,0.022462874586602125,0.07380997451585591,-0.09993994323921877,-0.0013747087777453957,-0.12304254998265503,0.01647793452171171,0,1
571,0.20641889021661428,-0.16758142143603436,-0.05911858174559398,-0.7059732864570393,0.5861650710698559,0.014351255975273288,0,1
572,0.5988217994651764,0.25820202792898783,0.25548596983839905,-0.0037300316681170955,-0.15408499251167196,0.668799304472841,1,0
573,-0.04079555862755953,0.04086856521715836,-0.01307099185218293,6.0862019093075985e-05,-0.12308469269034454,0.0026863994677865256,0,1
574,0.1001259528000422,0.1758673237438812,-0.09311449183901921,-0.0014993097841734962,-0.1290097698379698,0.1195702673045193,1,1
575,-0.18247908799417167,-0.11938571065294061,-0.025672304919900697,0.0006613353652226229,-0.12084625947636138,-0.22163194323972776,1,0
576,0.14922999559253008,0.032412569225663025,-0.048451940845001554,-0.0019708228176465925,-0.12612123546416112,0.08258442055831439,0,1
577,0.11102694472963953,0.18482055388846397,-0.03236297821625015,-0.002834714542542586,-0.13804874591406352,0.16120281266185882,1,1
578,0.17537216035449923,0.14179845597376026,0.021622139074916048,-0.0013035112127785355,-0.13104272983204474,0.1840893827612928,0,1
579,0.22223568866730048,0.16936808524914107,0.06029736983318629,-0.002027057121975079,-0.1369352923580425,0.2933246896815766,1,0
580,-0.21996500363795066,0.038007892913083784,-0.011211042379027147,-0.000623293343029386,-0.11882466272758427,-0.058654330153294444,1,0
581,-0.052870834404465265,0.01186245929630528,0.011678913063129643,-0.0017985944442272244,-0.12314324460701057,0.05316308526200922,1,0
582,0.014518194403974213,-0.10671155429318807,-0.008276813547791055,-0.0008707766898364873,-0.11893741010021251,0.002659101735539802,1,0
583,-0.2166340354838433,0.028824607734913594,-0.0016128111084627173,0.00037771557167887946,-0.11895304111609455,-0.11779638949509444,0,1
584,0.00579884343141561,0.031798563272700114,-0.04194506299636539,0.000460954452829946,-0.1267500234968408,-0.006148794921236915,0,1
585,-0.23699065036184402,-0.04941787353656783,-0.011527097713157677,0.0003680296389689584,-0.11864730361811758,-0.1307557957108436,0,1
586,0.04465849610930148,0.04515108405252355,-0.050204723486093776,-0.001117363856631288,-0.12755972646147848,0.020815729201477427,0,1
587,0.011426679171755237,0.08289677294442804,-0.036688856406543846,-0.00022162615868877967,-0.12655708576375033,0.020773759102328364,1,0
588,-0.10934712546466631,0.00855912716113744,-0.03341049221963865,0.0011972291374097988,-0.11984309244825556,-0.1290605103826375,0,1
589,0.10030030020481796,0.06841967936928918,-0.10056729944097104,-0.0013738969197966818,-0.12403783772240849,0.03778634357952125,1,0
590,-0.1580464438992968,0.007613539691567272,0.009965738187942986,0.0010554517113760759,-0.12106824059906361,-0.09601489382348427,0,1
591,-0.23838875890581773,-0.005307434283021446,0.034287016699516566,0.0015512241685319186,-0.12003732650038362,-0.1484601421678281,0,1
592,0.12703280883698834,0.029665268698300235,-0.040944903243060285,-0.001978602920181241,-0.12262863554559254,0.11685654723964266,1,0
593,-0.1695526527169182,-0.06853360418905301,0.030972423145501252,0.00120137063163722,-0.11949329959880066,-0.12447237334088826,0,0
594,0.02348114108731358,0.07278481052937838,-0.013476221287369965,0.00019215888118719762,-0.12449695859039037,0.013507032714575668,1,1
595,0.1851267148590352,-0.04265259122313357,-0.006548990244162244,-0.7085028814953432,0.5807423831985205,0.15730350725122752,0,1
596,-0.2674098176705763,-0.08442187572031491,0.08630692488637513,0.0013729230185989434,-0.11826628409298036,-0.1628293077267506,0,1
597,-0.2829081950353965,-0.004273473912225454,0.04085947788896723,0.0008390645357811136,-0.11852053592586964,-0.1490381910931652,1,1
598,0.2828570173274015,0.11193652935470902,0.04631474418241645,1.2737032784704983e-05,-0.13262074650870861,0.18275128119640932,0,1
599,0.8376004233361962,-0.4173180244266795,0.09171204040359125,0.706457224255935,0.5739418176751617,0.3416934932510322,1,1
600,-0.26672945345757465,-0.0060558849797558295,0.005093091187018013,0.0019245371093837326,-0.11785354319111505,-0.2284165803747349,1,1
601,-0.501015840969595,-0.06980633018369709,0.18010362491049944,0.004824474595252691,-0.1175131500757501,-0.3899218741407165,0,0
602,0.9236416112601046,-0.48946732553675154,-0.029065332626625254,-0.004288419182051172,-0.14020657811451778,0.2828287562857061,0,1
603,-0.20937767749677402,0.020989295839737018,0.015956599064444542,-0.7059944866938052,0.5867411136150912,-0.08562584891141146,1,1
604,0.09538933463555772,0.015093095699308206,-0.03931888462782912,-0.00015155123553290577,-0.12670701445119129,0.031065443014556406,0,1
605,-0.36714971797841917,-0.029845837604704686,0.07394446475842877,-0.7043111739307013,0.5889567969048406,-0.22524095486067414,0,0
606,-0.09708446711509047,0.02142672460817004,-0.047728332794349515,-0.0014076085221931198,-0.12041889328795972,-0.010039345162847239,1,1
607,-0.056349351999350865,-0.020564801919904067,-0.009326173404622386,0.0013722617055946576,-0.1223630656713537,-0.10704492169324911,0,1
608,0.034280007561807505,0.0011008663860646178,-0.006611355339597252,0.00015799637670197827,-0.12424573324866349,0.04543769870554604,0,1
609,0.10141314857174241,-0.05479718606313802,-0.06654562392571192,-0.0009765425733003377,-0.12304840014844913,0.007820569833198874,1,1
610,-0.12397013824238072,0.004104307722282852,-0.019229360400757976,-0.7077837223381226,0.5872884589792626,-0.005830509336028602,1,1
611,0.11220838988141645,0.023878534387750186,-0.11302382540825008,-0.0016774424467294407,-0.12529680822482137,0.04189519745161549,1,0
612,-0.3863431868459275,-0.03538062689312725,0.08552396648079301,0.0037070094130504066,-0.11765056411842396,-0.3207693625268213,0,1
613,0.08358454369638649,-0.05478981987726767,-0.05205345751499378,-0.001445620642892395,-0.12453123863456758,0.05772097858345751,0,1
614,0.023465632166088844,-0.09133937782660129,-0.07745449247904729,-0.0010993526718911214,-0.11880370136328974,-0.06947571523987844,1,1
615,-0.08308212942567657,-0.000797236321572899,-0.021086836293743267,-0.0005054969537564226,-0.12105381614264062,-0.04527527206354567,1,1
616,-0.18258826716625962,-0.018399557644794853,0.026344718461128597,0.0007572066753631136,-0.1206352731092719,-0.09049612377028761,0,1
617,-0.11024966625810259,0.016448259710058862,-0.002896594886892666,0.7071250080051751,0.585171358315465,-0.008510947955813579,1,0
618,-0.13235056196857808,0.007549339614905124,0.08195251136808436,0.0010597663883028206,-0.12403361582434914,-0.03944763089108945,0,1
619,0.20064987946692756,-0.02025753216886407,-0.09873413479204109,-0.002181256082823227,-0.12101353737258584,0.053873077305863146,0,1
620,-0.17888924453410618,-0.028498494338268687,-0.01604266435850671,0.0005530771938139529,-0.11834065979754894,-0.15463450809404608,1,1
621,-0.12277889380660154,0.04691070989227875,0.02052275163169369,-0.0005568357886562482,-0.12328776072520851,-0.00033430066565131564,1,0
622,-0.34087136387522443,-0.011769594242041711,0.054097159963190644,0.002260643193870262,-0.11788408432104934,-0.23188307858475118,0,1
623,0.16398876141808844,0.1078803515032356,0.08682760793538398,0.0001400215227920174,-0.13332916745088458,0.1755894557469962,1,0
624,-0.3118474121950666,-0.044027603361129666,0.04388810224242493,0.0020356239038614023,-0.11731537670486156,-0.23355047159012873,0,1
625,0.033400944509042685,-0.012042411943800579,0.03187814631416545,0.0012494030235512552,-0.12524562040851092,-0.020461442803181906,0,1
626,0.035617375152599266,-0.03836952007991427,-0.03362945994156479,-0.0005490894818615379,-0.12386753509659404,-0.010826723287863632,0,1
627,0.5790720770549014,-0.2796751667618695,0.03396269391124353,-0.0027917403779498416,-0.13119035740746096,0.25770205289557946,1,1
628,0.22473745007683746,0.1337083314650905,0.04571641946736679,-0.00043518577962054834,-0.13143874234938308,0.19470579685287615,1,1
629,-0.23995849423770824,-0.0018254742847876413,-0.011986688017445157,0.001198872754534081,-0.11763768246593842,-0.17212556175358898,1,0
630,-0.20347640530193786,-0.029703700027073832,0.017591186920791552,0.0015563571780472577,-0.1190462423263384,-0.16486764007427418,0,0
631,0.17501396875114258,-0.038796911222250666,0.04153714885591488,-0.7078288443302653,0.58038180196358,0.18684238625391997,1,0
632,-0.09680228285354175,-0.0355199331781907,-0.02557369322933431,0.7079460218499138,0.5855239443534975,-0.053087104182508824,0,1
633,-0.3724107437501569,-0.01898431902786436,0.06538227608309483,0.002327103014426835,-0.11745426650422587,-0.25367327532813627,1,0
634,-0.37494712638480154,-0.028933635584093422,0.0754577859468713,0.0034020257152157295,-0.11791096314742988,-0.30196491913027024,0,1
635,-0.11033255578534142,-0.022988887354660294,-0.03044357841909918,0.0006312274866093765,-0.11893934294123763,-0.10301330958256459,0,0
636,0.5321423988839167,-0.3103694083175048,-0.0962162622177169,-0.003247147784886188,-0.12418471529557906,0.10889695238074162,0,1
637,-0.25295636666885224,-0.036931713237795066,0.05388829218543882,0.0011548795097881034,-0.11898442593051298,-0.14538838639630206,1,0
638,0.09575230772982325,-0.0363231171948684,0.29678137687383604,0.7156200185486972,0.5901305832906366,0.15284938348577992,0,0
639,-0.14895406746565457,-0.04365131618321717,-0.03992025505784577,2.0183196681833387e-05,-0.11847074879048003,-0.11840015023743652,1,0
640,-0.2887664510973669,0.0014431751552034793,0.03286028476203829,0.0001662420731874062,-0.1181348578168045,-0.1249736657549877,1,0
641,-0.2589445977576614,-0.05021653935062125,0.047124279721559345,0.0019263076762204773,-0.11800455920359318,-0.19432363312948228,0,1
642,-0.020781005237759522,0.04645169499329256,0.0696217087016695,0.00018416607670759428,-0.12788455541284804,0.043877481827330804,0,1
643,0.023568921448497034,-0.0534794576034589,-0.0546174557177258,-0.0012356756130512128,-0.12285979152807275,-0.004599312430469563,0,1
644,-0.25520372063449753,-0.011263471390690302,0.027906221363341102,0.0011975675991000732,-0.11793035768860986,-0.15434283009022634,1,0
645,-0.23367854127998117,-0.0149979230807774,0.02617560093982354,0.7087533068570835,0.5863735479594903,-0.11835217803473257,0,0
646,-0.08993943470149089,0.06736711000349575,-0.16848248542056418,-0.0016329968696550002,-0.12184429330040357,-0.08531344683523087,1,1
647,0.14188114993209866,-0.022841871807072023,-0.151142705780263,-0.004718141581086591,-0.1251363099285419,0.0917124616530321,1,1
648,-0.047550298559822075,-0.10438500388383569,-0.07119884524797357,0.00023657578899646733,-0.12006740660462976,-0.12511098879661448,0,1
649,-0.07868419321758874,0.03450377543644105,0.0045990503256632285,-0.0010901587860322776,-0.1248816412494346,0.018303155219193047,1,1
650,-0.04155223720993618,-0.04970438920677801,-0.04913695017340257,-0.0003835604825687794,-0.12213694565550558,-0.05710801290452659,1,1
651,0.4934651143876886,0.022723383792185813,-0.0009192644550667658,0.7051994287708765,0.5703481295228506,0.3420024054732655,0,0
652,0.6838508554006819,0.1661916932975895,0.08576906679879663,0.0006022502469008687,-0.15796847268809766,0.5550408555123367,0,1
653,0.4828012688673448,-0.2834026052551935,0.07469308001229384,-0.7088029545300206,0.5753268019565879,0.19235866957253078,0,1
654,-0.1072255507403475,-0.03690956695653308,0.023622369549954513,0.0009276746177081112,-0.12034195728472324,-0.08128805474539431,1,1
655,-0.06413354088169118,0.029976296432507432,-0.011389765637708443,0.0004131610701716431,-0.12422771119701496,-0.030498643274240903,0,1
656,-0.04109977076747572,0.05084567697930157,-0.0430435495234742,-0.0005973562988335659,-0.12259551598736247,-0.01126917444834984,1,1
657,0.2628960955915096,-0.09457958040904788,0.003529535593092571,-0.0007948095613637931,-0.12447759751078841,0.1191128334628536,0,0
658,0.2020800548677919,-0.0930178907749891,0.012326281971494924,0.0016535823084223894,-0.12956268858613273,0.05985569148397355,0,0
659,-0.2688778941417496,-0.011103899595270805,0.042243039180290785,0.0020185163621950215,-0.1193988947192235,-0.18673997422187336,0,0
